# Searching TL indices [1638, 2184)
# Square 1  (outer=3787821, inner=8015028639)
TL=(3,3,3,1) TR=(7,5,3,6) BL=(7,3,5,6) BR=(9,5,5,6)
 3 3 │ 2 4 7 5 │ 7 5
 3 1 │ 1 1 1 6 │ 3 6
  ┼────────────────────────┼
 2 1 │ 1 3 2 3 │ 6 3
 4 1 │ 3 7 3 1 │ 9 1
 7 1 │ 2 3 4 3 │ 3 3
 5 6 │ 3 1 3 6 │ 5 6
  ┼────────────────────────┼
 7 3 │ 6 9 3 5 │ 9 5
 5 6 │ 3 1 3 6 │ 5 6

# Square 2  (outer=7407702, inner=15414149209)
TL=(3,3,3,2) TR=(5,4,5,8) BL=(5,5,4,8) BR=(8,3,3,8)
 3 3 │ 1 7 8 2 │ 5 4
 3 2 │ 1 8 5 6 │ 5 8
  ┼────────────────────────┼
 1 1 │ 0 4 5 1 │ 4 1
 7 8 │ 4 5 2 4 │ 5 8
 8 5 │ 5 2 7 0 │ 6 2
 2 6 │ 1 4 0 4 │ 5 4
  ┼────────────────────────┼
 5 5 │ 4 5 6 5 │ 8 3
 4 8 │ 1 8 2 4 │ 3 8

# Square 3  (outer=9070164, inner=18702499630)
TL=(3,3,3,2) TR=(7,2,9,9) BL=(7,9,2,9) BR=(2,5,5,7)
 3 3 │ 2 3 7 6 │ 7 2
 3 2 │ 3 1 6 8 │ 9 9
  ┼────────────────────────┼
 2 3 │ 0 2 5 3 │ 1 1
 3 1 │ 2 9 7 6 │ 9 6
 7 6 │ 5 7 0 0 │ 7 5
 6 8 │ 3 6 0 4 │ 5 3
  ┼────────────────────────┼
 7 9 │ 1 9 7 5 │ 2 5
 2 9 │ 1 6 5 3 │ 5 7

# Square 4  (outer=11505502, inner=23605495868)
TL=(3,3,3,3) TR=(3,9,6,9) BL=(3,6,9,9) BR=(8,3,3,4)
 3 3 │ 1 2 8 7 │ 3 9
 3 3 │ 2 2 7 7 │ 6 9
  ┼────────────────────────┼
 1 2 │ 0 2 7 6 │ 2 3
 2 2 │ 2 0 4 6 │ 9 3
 8 7 │ 7 4 8 2 │ 8 6
 7 7 │ 6 6 2 2 │ 8 6
  ┼────────────────────────┼
 3 6 │ 2 9 8 8 │ 8 3
 9 9 │ 3 3 6 6 │ 3 4

# Square 5  (outer=12789063, inner=26321511531)
TL=(3,3,3,3) TR=(5,4,5,4) BL=(5,5,4,4) BR=(8,3,3,1)
 3 3 │ 1 7 8 2 │ 5 4
 3 3 │ 1 7 8 2 │ 5 4
  ┼────────────────────────┼
 1 1 │ 0 4 5 1 │ 4 1
 7 7 │ 4 0 8 1 │ 5 3
 8 8 │ 5 8 0 8 │ 6 6
 2 2 │ 1 1 8 8 │ 5 4
  ┼────────────────────────┼
 5 5 │ 4 5 6 5 │ 8 3
 4 4 │ 1 3 6 4 │ 3 1

# Square 6  (outer=14820223, inner=30619446845)
TL=(3,3,3,3) TR=(7,7,8,1) BL=(7,8,7,1) BR=(8,7,7,5)
 3 3 │ 2 5 4 1 │ 7 7
 3 3 │ 2 6 7 3 │ 8 1
  ┼────────────────────────┼
 2 2 │ 1 4 3 0 │ 6 5
 5 6 │ 4 0 8 8 │ 7 3
 4 7 │ 3 8 5 4 │ 8 2
 1 3 │ 0 8 4 5 │ 6 5
  ┼────────────────────────┼
 7 8 │ 6 7 8 6 │ 8 7
 7 1 │ 5 3 2 5 │ 7 5

# Square 7  (outer=16245682, inner=33635718599)
TL=(3,3,3,3) TR=(9,9,8,7) BL=(9,8,9,7) BR=(3,2,2,9)
 3 3 │ 3 2 6 7 │ 9 9
 3 3 │ 2 8 7 1 │ 8 7
  ┼────────────────────────┼
 3 2 │ 1 0 2 4 │ 3 2
 2 8 │ 0 5 0 4 │ 1 8
 6 7 │ 2 0 7 7 │ 3 1
 7 1 │ 4 4 7 3 │ 6 3
  ┼────────────────────────┼
 9 8 │ 3 1 3 6 │ 3 2
 9 7 │ 2 8 1 3 │ 2 9

# Square 8  (outer=31649023, inner=63745188200)
TL=(3,3,3,6) TR=(9,8,9,2) BL=(9,9,8,2) BR=(6,5,5,9)
 3 3 │ 3 2 3 4 │ 9 8
 3 6 │ 3 3 1 2 │ 9 2
  ┼────────────────────────┼
 3 3 │ 2 1 1 2 │ 6 4
 2 3 │ 1 1 0 4 │ 4 8
 3 1 │ 1 0 2 3 │ 3 3
 4 2 │ 2 4 3 6 │ 5 8
  ┼────────────────────────┼
 9 9 │ 6 4 3 5 │ 6 5
 8 2 │ 4 8 3 8 │ 5 9

# Square 9  (outer=32051915, inner=64658038749)
TL=(3,3,3,7) TR=(3,5,8,6) BL=(3,8,5,6) BR=(5,2,2,4)
 3 3 │ 1 1 5 5 │ 3 5
 3 7 │ 3 1 8 2 │ 8 6
  ┼────────────────────────┼
 1 3 │ 0 1 4 3 │ 1 1
 1 1 │ 1 0 2 3 │ 9 3
 5 8 │ 4 2 9 2 │ 7 4
 5 2 │ 3 3 2 8 │ 6 4
  ┼────────────────────────┼
 3 8 │ 1 9 7 6 │ 5 2
 5 6 │ 1 3 4 4 │ 2 4

# Square 10  (outer=33077080, inner=67110233872)
TL=(3,3,3,7) TR=(4,5,4,9) BL=(4,4,5,9) BR=(8,3,3,2)
 3 3 │ 1 4 8 5 │ 4 5
 3 7 │ 1 8 1 3 │ 4 9
  ┼────────────────────────┼
 1 1 │ 0 3 4 1 │ 3 1
 4 8 │ 3 2 6 4 │ 6 8
 8 1 │ 4 6 9 8 │ 5 8
 5 3 │ 1 4 8 4 │ 2 8
  ┼────────────────────────┼
 4 4 │ 3 6 5 2 │ 8 3
 5 9 │ 1 8 8 8 │ 3 2

# Square 11  (outer=41520014, inner=86709109019)
TL=(3,3,3,8) TR=(6,5,8,2) BL=(6,8,5,2) BR=(6,8,8,8)
 3 3 │ 2 1 4 5 │ 6 5
 3 8 │ 3 1 1 6 │ 8 2
  ┼────────────────────────┼
 2 3 │ 1 0 1 2 │ 4 4
 1 1 │ 0 7 1 5 │ 6 5
 4 1 │ 1 1 0 7 │ 2 7
 5 6 │ 2 5 7 6 │ 4 6
  ┼────────────────────────┼
 6 8 │ 4 6 2 4 │ 6 8
 5 2 │ 4 5 7 6 │ 8 8

# Square 12  (outer=133584930, inner=265469079288)
TL=(3,3,5,4) TR=(9,8,8,4) BL=(9,9,9,4) BR=(3,5,3,4)
 3 3 │ 3 2 3 4 │ 9 8
 5 4 │ 4 5 3 6 │ 8 4
  ┼────────────────────────┼
 3 3 │ 1 1 2 2 │ 3 4
 4 1 │ 1 0 2 5 │ 2 5
 6 9 │ 2 2 7 7 │ 3 3
 5 6 │ 2 5 7 6 │ 4 6
  ┼────────────────────────┼
 9 9 │ 3 4 6 5 │ 3 5
 9 4 │ 3 1 9 6 │ 3 4

# Square 13  (outer=239000224, inner=468932110192)
TL=(3,3,7,2) TR=(7,5,5,8) BL=(4,9,9,9) BR=(3,7,3,2)
 3 3 │ 2 4 7 5 │ 7 5
 7 2 │ 4 1 7 6 │ 5 8
  ┼────────────────────────┼
 1 3 │ 0 3 1 2 │ 2 4
 8 1 │ 3 3 2 1 │ 4 1
 1 6 │ 1 2 3 2 │ 7 7
 3 8 │ 2 1 2 8 │ 5 6
  ┼────────────────────────┼
 4 9 │ 1 8 1 3 │ 3 7
 9 9 │ 3 1 6 8 │ 3 2

# Square 14  (outer=241363119, inner=474248141990)
TL=(3,3,7,3) TR=(3,5,5,8) BL=(5,4,4,2) BR=(3,7,3,3)
 3 3 │ 1 1 5 5 │ 3 5
 7 3 │ 4 2 3 4 │ 5 8
  ┼────────────────────────┼
 1 1 │ 0 1 5 4 │ 1 4
 9 3 │ 1 1 1 6 │ 1 2
 9 8 │ 5 1 9 4 │ 5 3
 8 6 │ 4 6 4 4 │ 5 4
  ┼────────────────────────┼
 5 4 │ 1 9 9 8 │ 3 7
 4 2 │ 1 3 8 6 │ 3 3

# Square 15  (outer=262490922, inner=520959456021)
TL=(3,3,7,6) TR=(4,8,8,2) BL=(7,5,5,9) BR=(3,7,3,6)
 3 3 │ 1 5 8 4 │ 4 8
 7 6 │ 6 2 3 2 │ 8 2
  ┼────────────────────────┼
 2 2 │ 0 3 5 2 │ 1 6
 7 1 │ 3 6 9 2 │ 5 2
 7 2 │ 5 9 7 6 │ 8 3
 5 4 │ 2 2 6 8 │ 4 2
  ┼────────────────────────┼
 7 5 │ 2 7 7 5 │ 3 7
 5 9 │ 2 1 2 4 │ 3 6

# Square 16  (outer=280662810, inner=567397706533)
TL=(3,3,7,8) TR=(7,5,5,6) BL=(4,9,9,1) BR=(3,7,3,8)
 3 3 │ 2 4 7 5 │ 7 5
 7 8 │ 4 3 6 8 │ 5 6
  ┼────────────────────────┼
 1 3 │ 0 3 1 2 │ 2 4
 8 4 │ 3 6 1 2 │ 4 3
 1 5 │ 1 1 4 0 │ 7 6
 3 8 │ 2 2 0 4 │ 5 8
  ┼────────────────────────┼
 4 9 │ 1 8 1 3 │ 3 7
 9 1 │ 3 4 5 8 │ 3 8

# Square 17  (outer=428510983, inner=915863236385)
TL=(3,4,1,7) TR=(4,6,6,8) BL=(8,2,2,5) BR=(3,1,4,7)
 3 4 │ 1 5 6 4 │ 4 6
 1 7 │ 1 1 5 6 │ 6 8
  ┼────────────────────────┼
 2 1 │ 0 2 3 1 │ 1 1
 5 1 │ 2 6 0 1 │ 5 1
 4 7 │ 3 0 5 5 │ 6 5
 2 5 │ 1 1 5 0 │ 4 6
  ┼────────────────────────┼
 8 2 │ 2 5 4 2 │ 3 1
 2 5 │ 1 1 7 5 │ 4 7

# Square 18  (outer=438076362, inner=939446533300)
TL=(3,4,1,9) TR=(7,6,6,7) BL=(4,8,8,1) BR=(3,1,4,9)
 3 4 │ 2 5 8 4 │ 7 6
 1 9 │ 1 2 7 3 │ 6 7
  ┼────────────────────────┼
 1 3 │ 0 2 7 3 │ 2 1
 4 9 │ 2 5 4 8 │ 5 2
 8 6 │ 7 4 8 2 │ 8 7
 8 9 │ 3 8 2 7 │ 4 3
  ┼────────────────────────┼
 4 8 │ 1 4 8 8 │ 3 1
 8 1 │ 3 9 6 9 │ 4 9

# Square 19  (outer=441020172, inner=946745209042)
TL=(3,4,2,1) TR=(4,9,9,1) BL=(7,8,8,1) BR=(3,2,4,1)
 3 4 │ 1 6 6 6 │ 4 9
 2 1 │ 1 9 1 1 │ 9 1
  ┼────────────────────────┼
 2 3 │ 0 2 5 3 │ 1 1
 4 3 │ 2 9 6 7 │ 6 9
 9 2 │ 5 6 1 2 │ 6 1
 6 1 │ 3 7 2 1 │ 6 1
  ┼────────────────────────┼
 7 8 │ 2 4 9 6 │ 3 2
 8 1 │ 3 3 2 1 │ 4 1

# Square 20  (outer=534200849, inner=1157612621153)
TL=(3,4,4,1) TR=(4,6,4,2) BL=(4,4,6,2) BR=(5,4,4,6)
 3 4 │ 1 5 6 4 │ 4 6
 4 1 │ 1 7 2 2 │ 4 2
  ┼────────────────────────┼
 1 1 │ 0 2 4 2 │ 2 2
 5 7 │ 2 1 6 6 │ 3 8
 6 2 │ 4 6 5 0 │ 7 5
 4 2 │ 2 6 0 4 │ 6 2
  ┼────────────────────────┼
 4 4 │ 2 3 7 6 │ 5 4
 6 2 │ 2 8 5 2 │ 4 6

# Square 21  (outer=543653594, inner=1180258216512)
TL=(3,4,4,2) TR=(8,1,6,8) BL=(8,6,1,8) BR=(1,6,6,4)
 3 4 │ 2 7 5 4 │ 8 1
 4 2 │ 2 8 5 6 │ 6 8
  ┼────────────────────────┼
 2 2 │ 0 2 4 2 │ 1 1
 7 8 │ 2 4 1 8 │ 3 1
 5 5 │ 4 1 2 5 │ 7 5
 4 6 │ 2 8 5 2 │ 6 2
  ┼────────────────────────┼
 8 6 │ 1 3 7 6 │ 1 6
 1 8 │ 1 1 5 2 │ 6 4

# Square 22  (outer=547341889, inner=1189102287344)
TL=(3,4,4,3) TR=(5,1,2,9) BL=(5,2,1,9) BR=(4,6,6,3)
 3 4 │ 1 7 3 4 │ 5 1
 4 3 │ 1 2 4 7 │ 2 9
  ┼────────────────────────┼
 1 1 │ 0 2 3 1 │ 2 1
 7 2 │ 2 2 3 2 │ 3 1
 3 4 │ 3 3 6 6 │ 9 9
 4 7 │ 1 2 6 9 │ 2 7
  ┼────────────────────────┼
 5 2 │ 2 3 9 2 │ 4 6
 1 9 │ 1 1 9 7 │ 6 3

# Square 23  (outer=550312386, inner=1196781023237)
TL=(3,4,4,3) TR=(8,2,9,3) BL=(8,9,2,3) BR=(8,7,7,9)
 3 4 │ 2 7 8 8 │ 8 2
 4 3 │ 3 9 9 9 │ 9 3
  ┼────────────────────────┼
 2 3 │ 1 6 3 3 │ 7 1
 7 9 │ 6 1 6 2 │ 7 8
 8 9 │ 3 6 4 9 │ 4 1
 8 9 │ 3 2 9 3 │ 3 7
  ┼────────────────────────┼
 8 9 │ 7 7 4 3 │ 8 7
 2 3 │ 1 8 1 7 │ 7 9

# Square 24  (outer=551974261, inner=1201076970680)
TL=(3,4,4,3) TR=(9,8,4,4) BL=(9,4,8,4) BR=(8,1,1,9)
 3 4 │ 3 3 3 2 │ 9 8
 4 3 │ 1 8 9 2 │ 4 4
  ┼────────────────────────┼
 3 1 │ 2 2 0 1 │ 7 1
 3 8 │ 2 4 7 0 │ 6 5
 3 9 │ 0 7 4 1 │ 1 9
 2 2 │ 1 0 1 2 │ 4 6
  ┼────────────────────────┼
 9 4 │ 7 6 1 4 │ 8 1
 8 4 │ 1 5 9 6 │ 1 9

# Square 25  (outer=554463559, inner=1206896311779)
TL=(3,4,4,4) TR=(5,8,4,2) BL=(5,4,8,2) BR=(2,1,1,8)
 3 4 │ 1 9 7 2 │ 5 8
 4 4 │ 1 8 4 8 │ 4 2
  ┼────────────────────────┼
 1 1 │ 0 1 2 1 │ 1 1
 9 8 │ 1 3 7 2 │ 1 4
 7 4 │ 2 7 3 8 │ 3 7
 2 8 │ 1 2 8 8 │ 4 6
  ┼────────────────────────┼
 5 4 │ 1 1 3 4 │ 2 1
 8 2 │ 1 4 7 6 │ 1 8

# Square 26  (outer=559308088, inner=1217420390906)
TL=(3,4,4,5) TR=(4,6,9,3) BL=(4,9,6,3) BR=(2,9,9,2)
 3 4 │ 1 5 6 4 │ 4 6
 4 5 │ 4 1 8 5 │ 9 3
  ┼────────────────────────┼
 1 4 │ 0 2 1 0 │ 1 5
 5 1 │ 2 3 9 7 │ 4 7
 6 8 │ 1 9 7 2 │ 2 9
 4 5 │ 0 7 2 0 │ 1 6
  ┼────────────────────────┼
 4 9 │ 1 4 2 1 │ 2 9
 6 3 │ 5 7 9 6 │ 9 2

# Square 27  (outer=559481815, inner=1217673511207)
TL=(3,4,4,5) TR=(4,8,9,3) BL=(4,9,8,3) BR=(2,7,7,1)
 3 4 │ 1 6 3 2 │ 4 8
 4 5 │ 4 1 8 5 │ 9 3
  ┼────────────────────────┼
 1 4 │ 0 2 1 0 │ 1 5
 6 1 │ 2 3 1 8 │ 3 8
 3 8 │ 1 1 0 2 │ 2 9
 2 5 │ 0 8 2 5 │ 3 3
  ┼────────────────────────┼
 4 9 │ 1 3 2 3 │ 2 7
 8 3 │ 5 8 9 3 │ 7 1

# Square 28  (outer=577760855, inner=1259720890104)
TL=(3,4,4,8) TR=(6,4,3,2) BL=(6,3,4,2) BR=(8,4,4,2)
 3 4 │ 2 1 7 6 │ 6 4
 4 8 │ 1 5 3 6 │ 3 2
  ┼────────────────────────┼
 2 1 │ 1 0 7 1 │ 5 1
 1 5 │ 0 4 0 5 │ 2 7
 7 3 │ 7 0 0 8 │ 9 6
 6 6 │ 1 5 8 4 │ 2 4
  ┼────────────────────────┼
 6 3 │ 5 2 9 2 │ 8 4
 4 2 │ 1 7 6 4 │ 4 2

# Square 29  (outer=579025438, inner=1262692660613)
TL=(3,4,4,8) TR=(7,6,4,7) BL=(7,4,6,7) BR=(2,1,1,7)
 3 4 │ 2 5 8 4 │ 7 6
 4 8 │ 2 2 5 6 │ 4 7
  ┼────────────────────────┼
 2 2 │ 0 2 4 2 │ 1 1
 5 2 │ 2 6 5 2 │ 5 1
 8 5 │ 4 5 0 5 │ 5 3
 4 6 │ 2 2 5 4 │ 4 9
  ┼────────────────────────┼
 7 4 │ 1 5 5 4 │ 2 1
 6 7 │ 1 1 3 9 │ 1 7

# Square 30  (outer=581331869, inner=1268112774254)
TL=(3,4,4,8) TR=(9,8,3,2) BL=(9,3,8,2) BR=(5,3,3,4)
 3 4 │ 3 3 3 2 │ 9 8
 4 8 │ 1 5 3 6 │ 3 2
  ┼────────────────────────┼
 3 1 │ 1 3 0 2 │ 4 2
 3 5 │ 3 3 9 5 │ 9 7
 3 3 │ 0 9 2 4 │ 2 8
 2 6 │ 2 5 4 8 │ 9 8
  ┼────────────────────────┼
 9 3 │ 4 9 2 9 │ 5 3
 8 2 │ 2 7 8 8 │ 3 4

# Square 31  (outer=708072959, inner=1513455290116)
TL=(3,4,6,9) TR=(8,1,1,7) BL=(3,6,6,1) BR=(3,6,4,9)
 3 4 │ 2 7 5 4 │ 8 1
 6 9 │ 1 1 7 3 │ 1 7
  ┼────────────────────────┼
 1 2 │ 0 2 5 2 │ 2 1
 2 9 │ 2 0 5 9 │ 7 1
 9 8 │ 5 5 8 6 │ 5 7
 6 9 │ 2 9 6 7 │ 4 3
  ┼────────────────────────┼
 3 6 │ 1 2 9 6 │ 3 6
 6 1 │ 2 9 8 9 │ 4 9

# Square 32  (outer=712607754, inner=1525609335500)
TL=(3,4,7,1) TR=(5,1,1,9) BL=(3,5,5,4) BR=(3,7,4,1)
 3 4 │ 1 7 3 4 │ 5 1
 7 1 │ 1 3 4 9 │ 1 9
  ┼────────────────────────┼
 1 2 │ 0 1 3 2 │ 1 1
 2 2 │ 1 6 0 6 │ 7 3
 9 1 │ 3 0 9 4 │ 3 4
 5 4 │ 2 6 4 6 │ 4 9
  ┼────────────────────────┼
 3 5 │ 1 2 9 5 │ 3 7
 5 4 │ 2 2 1 4 │ 4 1

# Square 33  (outer=738116964, inner=1593648982028)
TL=(3,4,7,4) TR=(8,4,4,9) BL=(3,9,9,6) BR=(3,7,4,4)
 3 4 │ 2 8 5 6 │ 8 4
 7 4 │ 3 6 2 6 │ 4 9
  ┼────────────────────────┼
 1 4 │ 0 3 2 2 │ 2 3
 4 2 │ 3 6 1 2 │ 8 6
 4 2 │ 2 1 8 4 │ 5 2
 3 4 │ 2 2 4 4 │ 6 6
  ┼────────────────────────┼
 3 9 │ 1 4 4 3 │ 3 7
 9 6 │ 4 2 2 4 │ 4 4

# Square 34  (outer=769391096, inner=1672875520148)
TL=(3,4,7,9) TR=(4,9,9,8) BL=(3,6,6,7) BR=(3,7,4,9)
 3 4 │ 1 6 6 6 │ 4 9
 7 9 │ 7 7 4 2 │ 9 8
  ┼────────────────────────┼
 1 3 │ 0 2 2 1 │ 1 7
 3 2 │ 2 1 4 4 │ 6 7
 3 8 │ 2 4 3 2 │ 6 4
 2 3 │ 1 4 2 6 │ 6 2
  ┼────────────────────────┼
 3 6 │ 1 3 3 2 │ 3 7
 6 7 │ 3 2 8 3 │ 4 9

# Square 35  (outer=798271194, inner=1747317656994)
TL=(3,4,8,4) TR=(3,8,8,9) BL=(4,8,8,7) BR=(3,8,4,4)
 3 4 │ 1 2 9 2 │ 3 8
 8 4 │ 7 4 7 6 │ 8 9
  ┼────────────────────────┼
 1 3 │ 0 2 2 1 │ 1 7
 8 8 │ 2 1 1 2 │ 2 4
 2 2 │ 2 1 3 4 │ 9 7
 4 8 │ 1 2 4 8 │ 2 6
  ┼────────────────────────┼
 4 8 │ 1 8 2 4 │ 3 8
 8 7 │ 3 8 2 8 │ 4 4

# Square 36  (outer=818653340, inner=1792152668813)
TL=(3,4,8,7) TR=(4,8,8,6) BL=(3,6,6,9) BR=(3,8,4,7)
 3 4 │ 1 6 3 2 │ 4 8
 8 7 │ 7 4 8 2 │ 8 6
  ┼────────────────────────┼
 1 3 │ 0 2 2 1 │ 1 7
 3 2 │ 2 0 4 8 │ 6 4
 6 4 │ 2 4 3 2 │ 3 8
 8 3 │ 1 8 2 6 │ 2 2
  ┼────────────────────────┼
 3 6 │ 1 3 6 8 │ 3 8
 6 9 │ 3 2 4 3 │ 4 7

# Square 37  (outer=821688098, inner=1800310098636)
TL=(3,4,8,7) TR=(7,7,7,1) BL=(4,4,4,5) BR=(3,8,4,7)
 3 4 │ 2 6 1 8 │ 7 7
 8 7 │ 6 1 7 7 │ 7 1
  ┼────────────────────────┼
 1 2 │ 0 3 1 2 │ 2 6
 6 1 │ 3 7 2 1 │ 6 1
 7 1 │ 1 2 0 7 │ 1 7
 2 5 │ 2 1 7 5 │ 8 7
  ┼────────────────────────┼
 4 4 │ 1 6 7 2 │ 3 8
 4 5 │ 2 1 1 5 │ 4 7

# Square 38  (outer=834184802, inner=1831732419817)
TL=(3,4,8,9) TR=(4,8,8,8) BL=(3,6,6,4) BR=(3,8,4,9)
 3 4 │ 1 6 3 2 │ 4 8
 8 9 │ 7 8 3 2 │ 8 8
  ┼────────────────────────┼
 1 3 │ 0 2 2 1 │ 1 7
 3 1 │ 2 1 0 8 │ 6 8
 6 3 │ 2 0 7 9 │ 3 3
 8 6 │ 1 8 9 2 │ 2 2
  ┼────────────────────────┼
 3 6 │ 1 3 6 8 │ 3 8
 6 4 │ 3 1 3 6 │ 4 9

# Square 39  (outer=902756024, inner=2015501180268)
TL=(3,4,9,9) TR=(8,6,6,7) BL=(3,5,5,7) BR=(3,9,4,9)
 3 4 │ 2 9 2 4 │ 8 6
 9 9 │ 6 6 3 3 │ 6 7
  ┼────────────────────────┼
 1 2 │ 0 3 1 2 │ 2 6
 3 7 │ 3 5 5 2 │ 9 6
 6 9 │ 1 5 8 7 │ 2 3
 5 3 │ 2 2 7 9 │ 4 3
  ┼────────────────────────┼
 3 5 │ 1 3 6 5 │ 3 9
 5 7 │ 2 7 9 3 │ 4 9

# Square 40  (outer=916031911, inner=2049083630365)
TL=(3,5,1,9) TR=(7,7,7,6) BL=(4,4,4,1) BR=(3,1,5,9)
 3 5 │ 2 6 9 5 │ 7 7
 1 9 │ 1 4 4 4 │ 7 6
  ┼────────────────────────┼
 1 2 │ 0 2 5 2 │ 2 1
 3 4 │ 2 1 7 6 │ 6 4
 6 1 │ 5 7 3 4 │ 9 4
 4 9 │ 2 6 4 6 │ 5 4
  ┼────────────────────────┼
 4 4 │ 1 3 6 4 │ 3 1
 4 1 │ 2 4 1 9 │ 5 9

# Square 41  (outer=954430004, inner=2142448790221)
TL=(3,5,3,4) TR=(9,9,9,4) BL=(9,8,8,4) BR=(3,3,5,4)
 3 5 │ 3 4 6 5 │ 9 9
 3 4 │ 3 1 9 6 │ 9 4
  ┼────────────────────────┼
 3 4 │ 1 1 2 2 │ 3 3
 2 5 │ 1 0 2 5 │ 4 1
 3 3 │ 2 2 7 7 │ 6 9
 4 6 │ 2 5 7 6 │ 5 6
  ┼────────────────────────┼
 9 8 │ 3 2 3 4 │ 3 3
 8 4 │ 4 5 3 6 │ 5 4

# Square 42  (outer=1004554505, inner=2268294141743)
TL=(3,5,5,1) TR=(4,5,9,7) BL=(4,9,5,7) BR=(2,9,9,6)
 3 5 │ 1 5 7 5 │ 4 5
 5 1 │ 4 9 4 7 │ 9 7
  ┼────────────────────────┼
 1 4 │ 0 2 1 0 │ 1 5
 5 9 │ 2 5 9 6 │ 4 4
 7 4 │ 1 9 9 8 │ 2 7
 5 7 │ 0 6 8 4 │ 1 2
  ┼────────────────────────┼
 4 9 │ 1 4 2 1 │ 2 9
 5 7 │ 5 4 7 2 │ 9 6

# Square 43  (outer=1006895101, inner=2272570411557)
TL=(3,5,5,1) TR=(7,9,7,1) BL=(7,7,9,1) BR=(5,1,1,5)
 3 5 │ 2 7 6 5 │ 7 9
 5 1 │ 3 6 2 1 │ 7 1
  ┼────────────────────────┼
 2 3 │ 0 7 1 3 │ 3 1
 7 6 │ 7 0 6 8 │ 9 3
 6 2 │ 1 6 1 2 │ 2 6
 5 1 │ 3 8 2 5 │ 7 5
  ┼────────────────────────┼
 7 7 │ 3 9 2 7 │ 5 1
 9 1 │ 1 3 6 5 │ 1 5

# Square 44  (outer=1012490773, inner=2281412484565)
TL=(3,5,5,3) TR=(3,9,2,1) BL=(3,2,9,1) BR=(5,1,1,4)
 3 5 │ 1 3 6 5 │ 3 9
 5 3 │ 1 1 1 3 │ 2 1
  ┼────────────────────────┼
 1 1 │ 0 1 2 1 │ 1 1
 3 1 │ 1 9 2 2 │ 6 2
 6 1 │ 2 2 5 7 │ 3 7
 5 3 │ 1 2 7 2 │ 2 4
  ┼────────────────────────┼
 3 2 │ 1 6 3 2 │ 5 1
 9 1 │ 1 2 7 4 │ 1 4

# Square 45  (outer=1013915623, inner=2283809082898)
TL=(3,5,5,3) TR=(6,5,9,3) BL=(6,9,5,3) BR=(8,3,3,2)
 3 5 │ 2 2 7 5 │ 6 5
 5 3 │ 4 9 2 9 │ 9 3
  ┼────────────────────────┼
 2 4 │ 1 2 2 4 │ 5 1
 2 9 │ 2 2 0 4 │ 7 6
 7 2 │ 2 0 8 8 │ 2 9
 5 9 │ 4 4 8 4 │ 7 6
  ┼────────────────────────┼
 6 9 │ 5 7 2 7 │ 8 3
 5 3 │ 1 6 9 6 │ 3 2

# Square 46  (outer=1016532230, inner=2288168466204)
TL=(3,5,5,4) TR=(3,7,4,1) BL=(3,4,7,1) BR=(5,1,1,9)
 3 5 │ 1 2 9 5 │ 3 7
 5 4 │ 2 2 1 4 │ 4 1
  ┼────────────────────────┼
 1 2 │ 0 1 3 2 │ 1 1
 2 2 │ 1 6 0 6 │ 7 3
 9 1 │ 3 0 9 4 │ 3 4
 5 4 │ 2 6 4 6 │ 4 9
  ┼────────────────────────┼
 3 4 │ 1 7 3 4 │ 5 1
 7 1 │ 1 3 4 9 │ 1 9

# Square 47  (outer=1019564972, inner=2292829791871)
TL=(3,5,5,4) TR=(9,3,3,1) BL=(9,3,3,1) BR=(8,4,4,7)
 3 5 │ 3 2 5 5 │ 9 3
 5 4 │ 1 6 7 4 │ 3 1
  ┼────────────────────────┼
 3 1 │ 2 2 0 1 │ 7 1
 2 6 │ 2 1 8 4 │ 8 4
 5 7 │ 0 8 5 5 │ 1 5
 5 4 │ 1 4 5 8 │ 2 7
  ┼────────────────────────┼
 9 3 │ 7 8 1 2 │ 8 4
 3 1 │ 1 4 5 7 │ 4 7

# Square 48  (outer=1026891692, inner=2302646590345)
TL=(3,5,5,7) TR=(3,9,2,8) BL=(3,2,9,8) BR=(4,3,3,8)
 3 5 │ 1 3 6 5 │ 3 9
 5 7 │ 1 5 9 6 │ 2 8
  ┼────────────────────────┼
 1 1 │ 0 1 4 3 │ 1 3
 3 5 │ 1 2 9 5 │ 3 7
 6 9 │ 4 9 6 8 │ 7 2
 5 6 │ 3 5 8 4 │ 6 4
  ┼────────────────────────┼
 3 2 │ 1 3 7 6 │ 4 3
 9 8 │ 3 7 2 4 │ 3 8

# Square 49  (outer=1026935468, inner=2302718952089)
TL=(3,5,5,7) TR=(3,9,4,9) BL=(3,4,9,9) BR=(8,6,6,7)
 3 5 │ 1 3 6 5 │ 3 9
 5 7 │ 2 7 9 3 │ 4 9
  ┼────────────────────────┼
 1 2 │ 0 3 1 2 │ 2 6
 3 7 │ 3 5 5 2 │ 9 6
 6 9 │ 1 5 8 7 │ 2 3
 5 3 │ 2 2 7 9 │ 4 3
  ┼────────────────────────┼
 3 4 │ 2 9 2 4 │ 8 6
 9 9 │ 6 6 3 3 │ 6 7

# Square 50  (outer=1030622783, inner=2308807726448)
TL=(3,5,5,8) TR=(3,3,7,3) BL=(3,7,3,3) BR=(5,4,4,2)
 3 5 │ 1 1 5 5 │ 3 3
 5 8 │ 4 2 3 4 │ 7 3
  ┼────────────────────────┼
 1 4 │ 0 1 5 4 │ 1 1
 1 2 │ 1 1 1 6 │ 9 3
 5 3 │ 5 1 9 4 │ 9 8
 5 4 │ 4 6 4 4 │ 8 6
  ┼────────────────────────┼
 3 7 │ 1 9 9 8 │ 5 4
 3 3 │ 1 3 8 6 │ 4 2

# Square 51  (outer=1037802036, inner=2320605206133)
TL=(3,5,5,9) TR=(8,5,1,9) BL=(8,1,5,9) BR=(9,4,4,2)
 3 5 │ 2 9 7 5 │ 8 5
 5 9 │ 1 1 2 1 │ 1 9
  ┼────────────────────────┼
 2 1 │ 1 5 1 2 │ 7 2
 9 1 │ 5 8 2 4 │ 6 4
 7 2 │ 1 2 2 4 │ 1 7
 5 1 │ 2 4 4 8 │ 4 8
  ┼────────────────────────┼
 8 1 │ 7 6 1 4 │ 9 4
 5 9 │ 2 4 7 8 │ 4 2

# Square 52  (outer=1038279718, inner=2321436373006)
TL=(3,5,5,9) TR=(9,3,3,6) BL=(9,3,3,6) BR=(3,6,6,7)
 3 5 │ 3 2 5 5 │ 9 3
 5 9 │ 2 1 2 4 │ 3 6
  ┼────────────────────────┼
 3 2 │ 1 0 2 4 │ 3 2
 2 1 │ 0 7 1 4 │ 3 4
 5 2 │ 2 1 3 2 │ 4 1
 5 4 │ 4 4 2 8 │ 8 2
  ┼────────────────────────┼
 9 3 │ 3 3 4 8 │ 3 6
 3 6 │ 2 4 1 2 │ 6 7

# Square 53  (outer=1038482129, inner=2321788568218)
TL=(3,5,5,9) TR=(9,5,5,3) BL=(9,5,5,3) BR=(6,9,9,4)
 3 5 │ 3 3 2 5 │ 9 5
 5 9 │ 3 1 2 7 │ 5 3
  ┼────────────────────────┼
 3 3 │ 2 1 1 2 │ 6 4
 3 1 │ 1 8 2 9 │ 5 9
 2 2 │ 1 2 7 6 │ 5 8
 5 7 │ 2 9 6 4 │ 5 2
  ┼────────────────────────┼
 9 5 │ 6 5 5 5 │ 6 9
 5 3 │ 4 9 8 2 │ 9 4

# Square 54  (outer=1132746663, inner=2571210492796)
TL=(3,5,8,6) TR=(3,3,3,7) BL=(5,2,2,4) BR=(3,8,5,6)
 3 5 │ 1 1 5 5 │ 3 3
 8 6 │ 3 1 8 2 │ 3 7
  ┼────────────────────────┼
 1 1 │ 0 1 4 3 │ 1 3
 9 3 │ 1 0 2 3 │ 1 1
 7 4 │ 4 2 9 2 │ 5 8
 6 4 │ 3 3 2 8 │ 5 2
  ┼────────────────────────┼
 5 2 │ 1 9 7 6 │ 3 8
 2 4 │ 1 3 4 4 │ 5 6

# Square 55  (outer=1204213233, inner=2768724350342)
TL=(3,6,1,9) TR=(3,8,8,3) BL=(4,4,4,9) BR=(3,1,6,9)
 3 6 │ 1 3 6 8 │ 3 8
 1 9 │ 1 5 7 7 │ 8 3
  ┼────────────────────────┼
 1 3 │ 0 1 4 3 │ 1 1
 3 3 │ 1 1 5 5 │ 3 5
 6 8 │ 4 5 5 6 │ 6 7
 4 1 │ 3 5 6 7 │ 8 7
  ┼────────────────────────┼
 4 4 │ 1 3 6 4 │ 3 1
 4 9 │ 3 3 8 1 │ 6 9

# Square 56  (outer=1208632237, inner=2781371628091)
TL=(3,6,2,1) TR=(4,7,7,5) BL=(7,3,3,2) BR=(3,2,6,1)
 3 6 │ 1 6 9 2 │ 4 7
 2 1 │ 1 5 7 5 │ 7 5
  ┼────────────────────────┼
 2 1 │ 0 2 3 1 │ 1 1
 3 9 │ 2 5 3 5 │ 6 5
 3 5 │ 3 3 9 5 │ 9 7
 6 2 │ 1 5 5 0 │ 2 5
  ┼────────────────────────┼
 7 3 │ 2 3 3 6 │ 3 2
 3 2 │ 1 9 5 2 │ 6 1

# Square 57  (outer=1222026584, inner=2813705014771)
TL=(3,6,2,4) TR=(7,7,7,8) BL=(4,2,2,4) BR=(3,2,6,4)
 3 6 │ 2 7 7 2 │ 7 7
 2 4 │ 1 8 7 2 │ 7 8
  ┼────────────────────────┼
 1 1 │ 0 2 3 1 │ 2 1
 3 5 │ 2 7 3 0 │ 7 8
 4 3 │ 3 3 1 1 │ 7 7
 4 6 │ 1 0 1 2 │ 2 2
  ┼────────────────────────┼
 4 2 │ 1 3 4 4 │ 3 2
 2 4 │ 1 5 3 6 │ 6 4

# Square 58  (outer=1337278026, inner=3108094437611)
TL=(3,6,4,9) TR=(3,6,6,1) BL=(8,1,1,7) BR=(3,4,6,9)
 3 6 │ 1 2 9 6 │ 3 6
 4 9 │ 2 9 8 9 │ 6 1
  ┼────────────────────────┼
 2 1 │ 0 2 5 2 │ 1 2
 7 1 │ 2 0 5 9 │ 2 9
 5 7 │ 5 5 8 6 │ 9 8
 4 3 │ 2 9 6 7 │ 6 9
  ┼────────────────────────┼
 8 1 │ 2 7 5 4 │ 3 4
 1 7 │ 1 1 7 3 │ 6 9

# Square 59  (outer=1398410304, inner=3216195759900)
TL=(3,6,6,1) TR=(3,6,4,9) BL=(3,4,6,9) BR=(8,1,1,7)
 3 6 │ 1 2 9 6 │ 3 6
 6 1 │ 2 9 8 9 │ 4 9
  ┼────────────────────────┼
 1 2 │ 0 2 5 2 │ 2 1
 2 9 │ 2 0 5 9 │ 7 1
 9 8 │ 5 5 8 6 │ 5 7
 6 9 │ 2 9 6 7 │ 4 3
  ┼────────────────────────┼
 3 4 │ 2 7 5 4 │ 8 1
 6 9 │ 1 1 7 3 │ 1 7

# Square 60  (outer=1408218546, inner=3241589612233)
TL=(3,6,6,2) TR=(7,6,7,3) BL=(7,7,6,3) BR=(8,7,7,7)
 3 6 │ 2 7 3 6 │ 7 6
 6 2 │ 4 5 2 6 │ 7 3
  ┼────────────────────────┼
 2 4 │ 1 5 3 6 │ 6 4
 7 5 │ 5 1 0 0 │ 6 8
 3 2 │ 3 0 4 0 │ 9 5
 6 6 │ 6 0 0 6 │ 9 1
  ┼────────────────────────┼
 7 7 │ 6 6 9 9 │ 8 7
 6 3 │ 4 8 5 1 │ 7 7

# Square 61  (outer=1408233317, inner=3241624944469)
TL=(3,6,6,2) TR=(7,6,7,8) BL=(7,7,6,8) BR=(8,7,7,1)
 3 6 │ 2 7 3 6 │ 7 6
 6 2 │ 4 8 3 6 │ 7 8
  ┼────────────────────────┼
 2 4 │ 1 5 3 6 │ 6 4
 7 8 │ 5 3 0 4 │ 6 8
 3 3 │ 3 0 3 6 │ 9 2
 6 6 │ 6 4 6 8 │ 9 8
  ┼────────────────────────┼
 7 7 │ 6 6 9 9 │ 8 7
 6 8 │ 4 8 2 8 │ 7 1

# Square 62  (outer=1417884328, inner=3267219741015)
TL=(3,6,6,4) TR=(3,8,4,9) BL=(3,4,8,9) BR=(4,8,8,8)
 3 6 │ 1 3 6 8 │ 3 8
 6 4 │ 3 1 3 6 │ 4 9
  ┼────────────────────────┼
 1 3 │ 0 2 2 1 │ 1 7
 3 1 │ 2 1 0 8 │ 6 8
 6 3 │ 2 0 7 9 │ 3 3
 8 6 │ 1 8 9 2 │ 2 2
  ┼────────────────────────┼
 3 4 │ 1 6 3 2 │ 4 8
 8 9 │ 7 8 3 2 │ 8 8

# Square 63  (outer=1419372552, inner=3270848031764)
TL=(3,6,6,4) TR=(5,9,5,1) BL=(5,5,9,1) BR=(8,5,5,1)
 3 6 │ 2 1 2 4 │ 5 9
 6 4 │ 3 2 6 4 │ 5 1
  ┼────────────────────────┼
 2 3 │ 1 0 1 2 │ 4 4
 1 2 │ 0 7 9 2 │ 6 6
 2 6 │ 1 9 2 4 │ 7 4
 4 4 │ 2 2 4 4 │ 5 1
  ┼────────────────────────┼
 5 5 │ 4 6 7 5 │ 8 5
 9 1 │ 4 6 4 1 │ 5 1

# Square 64  (outer=1424973270, inner=3282961549848)
TL=(3,6,6,5) TR=(6,7,5,9) BL=(6,5,7,9) BR=(8,9,9,3)
 3 6 │ 2 4 1 2 │ 6 7
 6 5 │ 3 8 3 5 │ 5 9
  ┼────────────────────────┼
 2 3 │ 1 3 1 1 │ 5 7
 4 8 │ 3 5 0 4 │ 7 3
 1 3 │ 1 0 9 2 │ 8 4
 2 5 │ 1 4 2 5 │ 5 7
  ┼────────────────────────┼
 6 5 │ 5 7 8 5 │ 8 9
 7 9 │ 7 3 4 7 │ 9 3

# Square 65  (outer=1433574469, inner=3302215163595)
TL=(3,6,6,7) TR=(3,7,4,9) BL=(3,4,7,9) BR=(4,9,9,8)
 3 6 │ 1 3 3 2 │ 3 7
 6 7 │ 3 2 8 3 │ 4 9
  ┼────────────────────────┼
 1 3 │ 0 2 2 1 │ 1 7
 3 2 │ 2 1 4 4 │ 6 7
 3 8 │ 2 4 3 2 │ 6 4
 2 3 │ 1 4 2 6 │ 6 2
  ┼────────────────────────┼
 3 4 │ 1 6 6 6 │ 4 9
 7 9 │ 7 7 4 2 │ 9 8

# Square 66  (outer=1438962982, inner=3318078948097)
TL=(3,6,6,7) TR=(9,3,3,6) BL=(9,3,3,6) BR=(3,5,5,9)
 3 6 │ 3 3 4 8 │ 9 3
 6 7 │ 2 4 1 2 │ 3 6
  ┼────────────────────────┼
 3 2 │ 1 0 2 4 │ 3 2
 3 4 │ 0 7 1 4 │ 2 1
 4 1 │ 2 1 3 2 │ 5 2
 8 2 │ 4 4 2 8 │ 5 4
  ┼────────────────────────┼
 9 3 │ 3 2 5 5 │ 3 5
 3 6 │ 2 1 2 4 │ 5 9

# Square 67  (outer=1441025721, inner=3323895132698)
TL=(3,6,6,8) TR=(4,1,6,7) BL=(4,6,1,7) BR=(8,6,6,7)
 3 6 │ 1 4 7 6 │ 4 1
 6 8 │ 4 5 5 6 │ 6 7
  ┼────────────────────────┼
 1 4 │ 0 4 3 4 │ 3 1
 4 5 │ 4 0 9 5 │ 9 1
 7 5 │ 3 9 7 5 │ 5 3
 6 6 │ 4 5 5 4 │ 6 9
  ┼────────────────────────┼
 4 6 │ 3 9 5 6 │ 8 6
 1 7 │ 1 1 3 9 │ 6 7

# Square 68  (outer=1447798872, inner=3342196094572)
TL=(3,6,6,9) TR=(3,8,4,7) BL=(3,4,8,7) BR=(4,8,8,6)
 3 6 │ 1 3 6 8 │ 3 8
 6 9 │ 3 2 4 3 │ 4 7
  ┼────────────────────────┼
 1 3 │ 0 2 2 1 │ 1 7
 3 2 │ 2 0 4 8 │ 6 4
 6 4 │ 2 4 3 2 │ 3 8
 8 3 │ 1 8 2 6 │ 2 2
  ┼────────────────────────┼
 3 4 │ 1 6 3 2 │ 4 8
 8 7 │ 7 4 8 2 │ 8 6

# Square 69  (outer=1451508188, inner=3353116322431)
TL=(3,6,6,9) TR=(7,6,7,2) BL=(7,7,6,2) BR=(8,7,7,3)
 3 6 │ 2 7 3 6 │ 7 6
 6 9 │ 4 9 6 8 │ 7 2
  ┼────────────────────────┼
 2 4 │ 1 5 3 6 │ 6 4
 7 9 │ 5 1 3 5 │ 6 5
 3 6 │ 3 3 1 2 │ 9 2
 6 8 │ 6 5 2 8 │ 9 6
  ┼────────────────────────┼
 7 7 │ 6 6 9 9 │ 8 7
 6 2 │ 4 5 2 6 │ 7 3

# Square 70  (outer=1527448876, inner=3571131854531)
TL=(3,6,8,3) TR=(4,2,2,7) BL=(6,9,9,3) BR=(3,8,6,3)
 3 6 │ 1 5 1 2 │ 4 2
 8 3 │ 2 2 4 1 │ 2 7
  ┼────────────────────────┼
 2 5 │ 0 3 0 0 │ 1 2
 6 8 │ 3 5 3 6 │ 5 2
 2 5 │ 0 3 5 0 │ 1 4
 2 9 │ 0 6 0 9 │ 2 1
  ┼────────────────────────┼
 6 9 │ 2 6 2 2 │ 3 8
 9 3 │ 5 8 5 9 │ 6 3

# Square 71  (outer=1628859392, inner=3860213172863)
TL=(3,6,9,9) TR=(8,3,3,4) BL=(3,3,3,3) BR=(3,9,6,9)
 3 6 │ 2 9 8 8 │ 8 3
 9 9 │ 3 3 6 6 │ 3 4
  ┼────────────────────────┼
 1 2 │ 0 2 7 6 │ 2 3
 2 2 │ 2 0 4 6 │ 9 3
 8 7 │ 7 4 8 2 │ 8 6
 7 7 │ 6 6 2 2 │ 8 6
  ┼────────────────────────┼
 3 3 │ 1 2 8 7 │ 3 9
 3 3 │ 2 2 7 7 │ 6 9

# Square 72  (outer=1705697961, inner=4059576495771)
TL=(3,7,3,2) TR=(4,9,9,9) BL=(7,5,5,8) BR=(3,3,7,2)
 3 7 │ 1 8 1 3 │ 4 9
 3 2 │ 3 1 6 8 │ 9 9
  ┼────────────────────────┼
 2 4 │ 0 3 1 2 │ 1 3
 4 1 │ 3 3 2 1 │ 8 1
 7 7 │ 1 2 3 2 │ 1 6
 5 6 │ 2 1 2 8 │ 3 8
  ┼────────────────────────┼
 7 5 │ 2 4 7 5 │ 3 3
 5 8 │ 4 1 7 6 │ 7 2

# Square 73  (outer=1711781942, inner=4075480674919)
TL=(3,7,3,3) TR=(5,4,4,2) BL=(3,5,5,8) BR=(3,3,7,3)
 3 7 │ 1 9 9 8 │ 5 4
 3 3 │ 1 3 8 6 │ 4 2
  ┼────────────────────────┼
 1 4 │ 0 1 5 4 │ 1 1
 1 2 │ 1 1 1 6 │ 9 3
 5 3 │ 5 1 9 4 │ 9 8
 5 4 │ 4 6 4 4 │ 8 6
  ┼────────────────────────┼
 3 5 │ 1 1 5 5 │ 3 3
 5 8 │ 4 2 3 4 │ 7 3

# Square 74  (outer=1729969440, inner=4120432304839)
TL=(3,7,3,6) TR=(7,5,5,9) BL=(4,8,8,2) BR=(3,3,7,6)
 3 7 │ 2 7 7 5 │ 7 5
 3 6 │ 2 1 2 4 │ 5 9
  ┼────────────────────────┼
 1 6 │ 0 3 5 2 │ 2 2
 5 2 │ 3 6 9 2 │ 7 1
 8 3 │ 5 9 7 6 │ 7 2
 4 2 │ 2 2 6 8 │ 5 4
  ┼────────────────────────┼
 4 8 │ 1 5 8 4 │ 3 3
 8 2 │ 6 2 3 2 │ 7 6

# Square 75  (outer=1741390035, inner=4152863275332)
TL=(3,7,3,8) TR=(4,9,9,1) BL=(7,5,5,6) BR=(3,3,7,8)
 3 7 │ 1 8 1 3 │ 4 9
 3 8 │ 3 4 5 8 │ 9 1
  ┼────────────────────────┼
 2 4 │ 0 3 1 2 │ 1 3
 4 3 │ 3 6 1 2 │ 8 4
 7 6 │ 1 1 4 0 │ 1 5
 5 8 │ 2 2 0 4 │ 3 8
  ┼────────────────────────┼
 7 5 │ 2 4 7 5 │ 3 3
 5 6 │ 4 3 6 8 │ 7 8

# Square 76  (outer=1753727530, inner=4187034078047)
TL=(3,7,4,1) TR=(3,5,5,4) BL=(5,1,1,9) BR=(3,4,7,1)
 3 7 │ 1 2 9 5 │ 3 5
 4 1 │ 2 2 1 4 │ 5 4
  ┼────────────────────────┼
 1 1 │ 0 1 3 2 │ 1 2
 7 3 │ 1 6 0 6 │ 2 2
 3 4 │ 3 0 9 4 │ 9 1
 4 9 │ 2 6 4 6 │ 5 4
  ┼────────────────────────┼
 5 1 │ 1 7 3 4 │ 3 4
 1 9 │ 1 3 4 9 │ 7 1

# Square 77  (outer=1774865772, inner=4245642968261)
TL=(3,7,4,4) TR=(3,9,9,6) BL=(8,4,4,9) BR=(3,4,7,4)
 3 7 │ 1 4 4 3 │ 3 9
 4 4 │ 4 2 2 4 │ 9 6
  ┼────────────────────────┼
 2 3 │ 0 3 2 2 │ 1 4
 8 6 │ 3 6 1 2 │ 4 2
 5 2 │ 2 1 8 4 │ 4 2
 6 6 │ 2 2 4 4 │ 3 4
  ┼────────────────────────┼
 8 4 │ 2 8 5 6 │ 3 4
 4 9 │ 3 6 2 6 │ 7 4

# Square 78  (outer=1806059063, inner=4328109122360)
TL=(3,7,4,9) TR=(3,6,6,7) BL=(4,9,9,8) BR=(3,4,7,9)
 3 7 │ 1 3 3 2 │ 3 6
 4 9 │ 3 2 8 3 │ 6 7
  ┼────────────────────────┼
 1 7 │ 0 2 2 1 │ 1 3
 6 7 │ 2 1 4 4 │ 3 2
 6 4 │ 2 4 3 2 │ 3 8
 6 2 │ 1 4 2 6 │ 2 3
  ┼────────────────────────┼
 4 9 │ 1 6 6 6 │ 3 4
 9 8 │ 7 7 4 2 │ 7 9

# Square 79  (outer=1945685332, inner=4640187504794)
TL=(3,7,7,1) TR=(4,9,4,9) BL=(4,4,9,9) BR=(5,4,4,7)
 3 7 │ 1 8 1 3 │ 4 9
 7 1 │ 3 4 7 9 │ 4 9
  ┼────────────────────────┼
 1 3 │ 0 3 1 2 │ 2 4
 8 4 │ 3 0 2 4 │ 3 6
 1 7 │ 1 2 7 5 │ 7 5
 3 9 │ 2 4 5 7 │ 6 3
  ┼────────────────────────┼
 4 4 │ 2 3 7 6 │ 5 4
 9 9 │ 4 6 5 3 │ 4 7

# Square 80  (outer=1951360124, inner=4658187947166)
TL=(3,7,7,1) TR=(9,8,6,7) BL=(9,6,8,7) BR=(8,1,1,6)
 3 7 │ 3 6 2 6 │ 9 8
 7 1 │ 4 7 5 7 │ 6 7
  ┼────────────────────────┼
 3 4 │ 2 4 1 4 │ 7 1
 6 7 │ 4 8 9 1 │ 7 3
 2 5 │ 1 9 7 5 │ 7 9
 6 7 │ 4 1 5 4 │ 6 2
  ┼────────────────────────┼
 9 6 │ 7 7 7 6 │ 8 1
 8 7 │ 1 3 9 2 │ 1 6

# Square 81  (outer=1957677252, inner=4676341708422)
TL=(3,7,7,2) TR=(8,8,4,4) BL=(8,4,8,4) BR=(4,1,1,4)
 3 7 │ 3 2 5 6 │ 8 8
 7 2 │ 3 1 6 8 │ 4 4
  ┼────────────────────────┼
 3 3 │ 1 0 2 3 │ 3 1
 2 1 │ 0 8 6 1 │ 4 1
 5 6 │ 2 6 3 2 │ 4 7
 6 8 │ 3 1 2 8 │ 4 6
  ┼────────────────────────┼
 8 4 │ 3 4 4 4 │ 4 1
 8 4 │ 1 1 7 6 │ 1 4

# Square 82  (outer=1962109497, inner=4689895255518)
TL=(3,7,7,3) TR=(5,8,7,1) BL=(5,7,8,1) BR=(8,7,7,4)
 3 7 │ 2 1 4 6 │ 5 8
 7 3 │ 5 1 8 3 │ 7 1
  ┼────────────────────────┼
 2 5 │ 1 1 2 5 │ 4 5
 1 1 │ 1 0 8 9 │ 9 9
 4 8 │ 2 8 3 2 │ 5 9
 6 3 │ 5 9 2 2 │ 9 4
  ┼────────────────────────┼
 5 7 │ 4 9 5 9 │ 8 7
 8 1 │ 5 9 9 4 │ 7 4

# Square 83  (outer=1963674997, inner=4694861022119)
TL=(3,7,7,3) TR=(7,1,5,8) BL=(7,5,1,8) BR=(3,9,9,1)
 3 7 │ 2 6 2 7 │ 7 1
 7 3 │ 4 2 3 4 │ 5 8
  ┼────────────────────────┼
 2 4 │ 0 5 0 4 │ 2 1
 6 2 │ 5 9 5 2 │ 9 6
 2 3 │ 0 5 2 9 │ 2 3
 7 4 │ 4 2 9 2 │ 5 8
  ┼────────────────────────┼
 7 5 │ 2 9 2 5 │ 3 9
 1 8 │ 1 6 3 8 │ 9 1

# Square 84  (outer=1965244243, inner=4699838671009)
TL=(3,7,7,3) TR=(8,5,9,8) BL=(8,9,5,8) BR=(9,3,3,7)
 3 7 │ 3 1 4 5 │ 8 5
 7 3 │ 7 1 5 4 │ 9 8
  ┼────────────────────────┼
 3 7 │ 3 0 3 4 │ 8 2
 1 1 │ 0 2 3 1 │ 2 1
 4 5 │ 3 3 3 0 │ 7 4
 5 4 │ 4 1 0 4 │ 7 6
  ┼────────────────────────┼
 8 9 │ 8 2 7 7 │ 9 3
 5 8 │ 2 1 4 6 │ 3 7

# Square 85  (outer=1969197037, inner=4711917345009)
TL=(3,7,7,4) TR=(4,8,2,6) BL=(4,2,8,6) BR=(8,3,3,7)
 3 7 │ 1 7 7 6 │ 4 8
 7 4 │ 1 9 2 4 │ 2 6
  ┼────────────────────────┼
 1 1 │ 0 3 6 3 │ 3 3
 7 9 │ 3 2 3 9 │ 4 1
 7 2 │ 6 3 3 6 │ 8 8
 6 4 │ 3 9 6 8 │ 6 2
  ┼────────────────────────┼
 4 2 │ 3 4 8 6 │ 8 3
 8 6 │ 3 1 8 2 │ 3 7

# Square 86  (outer=1971271401, inner=4717957893787)
TL=(3,7,7,4) TR=(6,8,6,3) BL=(6,6,8,3) BR=(2,4,4,4)
 3 7 │ 2 5 1 6 │ 6 8
 7 4 │ 4 6 6 2 │ 6 3
  ┼────────────────────────┼
 2 4 │ 0 3 1 2 │ 1 3
 5 6 │ 3 1 3 6 │ 5 6
 1 6 │ 1 3 6 0 │ 8 5
 6 2 │ 2 6 0 4 │ 4 2
  ┼────────────────────────┼
 6 6 │ 1 5 8 4 │ 2 4
 8 3 │ 3 6 5 2 │ 4 4

# Square 87  (outer=1973791543, inner=4725296548147)
TL=(3,7,7,4) TR=(8,9,8,8) BL=(8,8,9,8) BR=(9,7,7,8)
 3 7 │ 3 2 9 3 │ 8 9
 7 4 │ 6 5 1 2 │ 8 8
  ┼────────────────────────┼
 3 6 │ 3 1 3 2 │ 8 7
 2 5 │ 1 4 0 0 │ 5 6
 9 1 │ 3 0 9 4 │ 3 4
 3 2 │ 2 0 4 8 │ 6 4
  ┼────────────────────────┼
 8 8 │ 8 5 3 6 │ 9 7
 9 8 │ 7 6 4 4 │ 7 8

# Square 88  (outer=1979215453, inner=4737472395298)
TL=(3,7,7,5) TR=(8,8,7,1) BL=(8,7,8,1) BR=(4,3,3,3)
 3 7 │ 3 2 5 6 │ 8 8
 7 5 │ 5 3 2 5 │ 7 1
  ┼────────────────────────┼
 3 5 │ 1 1 2 0 │ 3 2
 2 3 │ 1 7 4 8 │ 7 6
 5 2 │ 2 4 4 4 │ 4 7
 6 5 │ 0 8 4 5 │ 1 3
  ┼────────────────────────┼
 8 7 │ 3 7 4 1 │ 4 3
 8 1 │ 2 6 7 3 │ 3 3

# Square 89  (outer=1980323089, inner=4739775212945)
TL=(3,7,7,6) TR=(3,2,2,4) BL=(5,2,2,2) BR=(3,7,7,6)
 3 7 │ 1 1 8 4 │ 3 2
 7 6 │ 1 8 2 4 │ 2 4
  ┼────────────────────────┼
 1 1 │ 0 1 2 1 │ 1 1
 9 6 │ 1 7 2 8 │ 1 8
 2 7 │ 2 2 1 4 │ 8 2
 4 2 │ 1 8 4 8 │ 4 4
  ┼────────────────────────┼
 5 2 │ 1 9 2 4 │ 3 7
 2 2 │ 1 6 7 2 │ 7 6

# Square 90  (outer=1982134806, inner=4745145141981)
TL=(3,7,7,6) TR=(4,8,4,9) BL=(4,4,8,9) BR=(2,8,8,9)
 3 7 │ 1 7 7 6 │ 4 8
 7 6 │ 3 7 2 4 │ 4 9
  ┼────────────────────────┼
 1 3 │ 0 2 2 1 │ 1 7
 7 7 │ 2 2 3 3 │ 2 9
 7 2 │ 2 3 0 4 │ 3 2
 6 4 │ 1 3 4 4 │ 2 1
  ┼────────────────────────┼
 4 4 │ 1 2 3 2 │ 2 8
 8 9 │ 7 9 2 1 │ 8 9

# Square 91  (outer=1982472241, inner=4746145298563)
TL=(3,7,7,6) TR=(5,2,2,2) BL=(3,2,2,4) BR=(3,7,7,6)
 3 7 │ 1 9 2 4 │ 5 2
 7 6 │ 1 6 7 2 │ 2 2
  ┼────────────────────────┼
 1 1 │ 0 1 2 1 │ 1 1
 1 8 │ 1 7 2 8 │ 9 6
 8 2 │ 2 2 1 4 │ 2 7
 4 4 │ 1 8 4 8 │ 4 2
  ┼────────────────────────┼
 3 2 │ 1 1 8 4 │ 3 7
 2 4 │ 1 8 2 4 │ 7 6

# Square 92  (outer=2006241207, inner=4820310815674)
TL=(3,7,7,9) TR=(4,7,8,2) BL=(4,8,7,2) BR=(5,2,2,1)
 3 7 │ 1 7 3 9 │ 4 7
 7 9 │ 6 4 7 8 │ 8 2
  ┼────────────────────────┼
 1 6 │ 0 3 3 6 │ 2 1
 7 4 │ 3 3 3 0 │ 4 5
 3 7 │ 3 3 6 7 │ 9 1
 9 8 │ 6 0 7 6 │ 6 2
  ┼────────────────────────┼
 4 8 │ 2 4 9 6 │ 5 2
 7 2 │ 1 5 1 2 │ 2 1

# Square 93  (outer=2162112955, inner=5275095487527)
TL=(3,8,1,7) TR=(6,7,7,2) BL=(5,1,1,8) BR=(3,1,8,7)
 3 8 │ 2 5 4 6 │ 6 7
 1 7 │ 1 2 2 4 │ 7 2
  ┼────────────────────────┼
 1 1 │ 0 2 3 1 │ 2 1
 5 5 │ 2 8 6 0 │ 5 2
 8 6 │ 3 6 1 2 │ 4 2
 1 6 │ 1 0 2 4 │ 6 4
  ┼────────────────────────┼
 5 1 │ 1 5 8 1 │ 3 1
 1 8 │ 1 5 6 6 │ 8 7

# Square 94  (outer=2283399022, inner=5599736969316)
TL=(3,8,4,4) TR=(4,8,8,7) BL=(3,8,8,9) BR=(3,4,8,4)
 3 8 │ 1 8 2 4 │ 4 8
 4 4 │ 3 8 2 8 │ 8 7
  ┼────────────────────────┼
 1 7 │ 0 2 2 1 │ 1 3
 2 4 │ 2 1 1 2 │ 8 8
 9 7 │ 2 1 3 4 │ 2 2
 2 6 │ 1 2 4 8 │ 4 8
  ┼────────────────────────┼
 3 8 │ 1 2 9 2 │ 3 4
 8 9 │ 7 4 7 6 │ 8 4

# Square 95  (outer=2298142700, inner=5635628790969)
TL=(3,8,4,7) TR=(3,6,6,9) BL=(4,8,8,6) BR=(3,4,8,7)
 3 8 │ 1 3 6 8 │ 3 6
 4 7 │ 3 2 4 3 │ 6 9
  ┼────────────────────────┼
 1 7 │ 0 2 2 1 │ 1 3
 6 4 │ 2 0 4 8 │ 3 2
 3 8 │ 2 4 3 2 │ 6 4
 2 2 │ 1 8 2 6 │ 8 3
  ┼────────────────────────┼
 4 8 │ 1 6 3 2 │ 3 4
 8 6 │ 7 4 8 2 │ 8 7

# Square 96  (outer=2298813151, inner=5637677019932)
TL=(3,8,4,7) TR=(4,4,4,5) BL=(7,7,7,1) BR=(3,4,8,7)
 3 8 │ 1 6 7 2 │ 4 4
 4 7 │ 2 1 1 5 │ 4 5
  ┼────────────────────────┼
 2 6 │ 0 3 1 2 │ 1 2
 6 1 │ 3 7 2 1 │ 6 1
 1 7 │ 1 2 0 7 │ 7 1
 8 7 │ 2 1 7 5 │ 2 5
  ┼────────────────────────┼
 7 7 │ 2 6 1 8 │ 3 4
 7 1 │ 6 1 7 7 │ 8 7

# Square 97  (outer=2310954804, inner=5672704614104)
TL=(3,8,4,9) TR=(3,6,6,4) BL=(4,8,8,8) BR=(3,4,8,9)
 3 8 │ 1 3 6 8 │ 3 6
 4 9 │ 3 1 3 6 │ 6 4
  ┼────────────────────────┼
 1 7 │ 0 2 2 1 │ 1 3
 6 8 │ 2 1 0 8 │ 3 1
 3 3 │ 2 0 7 9 │ 6 3
 2 2 │ 1 8 9 2 │ 8 6
  ┼────────────────────────┼
 4 8 │ 1 6 3 2 │ 3 4
 8 8 │ 7 8 3 2 │ 8 9

# Square 98  (outer=2350527668, inner=5746311713251)
TL=(3,8,5,6) TR=(5,2,2,4) BL=(3,3,3,7) BR=(3,5,8,6)
 3 8 │ 1 9 7 6 │ 5 2
 5 6 │ 1 3 4 4 │ 2 4
  ┼────────────────────────┼
 1 3 │ 0 1 4 3 │ 1 1
 1 1 │ 1 0 2 3 │ 9 3
 5 8 │ 4 2 9 2 │ 7 4
 5 2 │ 3 3 2 8 │ 6 4
  ┼────────────────────────┼
 3 3 │ 1 1 5 5 │ 3 5
 3 7 │ 3 1 8 2 │ 8 6

# Square 99  (outer=2393175285, inner=5839465420021)
TL=(3,8,6,3) TR=(6,9,9,3) BL=(4,2,2,7) BR=(3,6,8,3)
 3 8 │ 2 6 2 2 │ 6 9
 6 3 │ 5 8 5 9 │ 9 3
  ┼────────────────────────┼
 1 2 │ 0 3 0 0 │ 2 5
 5 2 │ 3 5 3 6 │ 6 8
 1 4 │ 0 3 5 0 │ 2 5
 2 1 │ 0 6 0 9 │ 2 9
  ┼────────────────────────┼
 4 2 │ 1 5 1 2 │ 3 6
 2 7 │ 2 2 4 1 │ 8 3

# Square 100  (outer=2514210930, inner=6190105729402)
TL=(3,8,8,3) TR=(3,6,1,9) BL=(3,1,6,9) BR=(4,4,4,9)
 3 8 │ 1 3 6 8 │ 3 6
 8 3 │ 1 5 7 7 │ 1 9
  ┼────────────────────────┼
 1 1 │ 0 1 4 3 │ 1 3
 3 5 │ 1 1 5 5 │ 3 3
 6 7 │ 4 5 5 6 │ 6 8
 8 7 │ 3 5 6 7 │ 4 1
  ┼────────────────────────┼
 3 1 │ 1 3 6 4 │ 4 4
 6 9 │ 3 3 8 1 │ 4 9

# Square 101  (outer=2517134528, inner=6198806358306)
TL=(3,8,8,3) TR=(6,7,4,4) BL=(6,4,7,4) BR=(2,6,6,3)
 3 8 │ 2 5 4 6 │ 6 7
 8 3 │ 3 6 5 2 │ 4 4
  ┼────────────────────────┼
 2 3 │ 0 3 2 2 │ 1 4
 5 6 │ 3 6 9 6 │ 6 6
 4 5 │ 2 9 7 0 │ 6 6
 6 2 │ 2 6 0 4 │ 4 2
  ┼────────────────────────┼
 6 4 │ 1 6 6 4 │ 2 6
 7 4 │ 4 6 6 2 │ 6 3

# Square 102  (outer=2538818550, inner=6254604543676)
TL=(3,8,8,6) TR=(9,3,7,2) BL=(9,7,3,2) BR=(6,8,8,2)
 3 8 │ 3 5 3 4 │ 9 3
 8 6 │ 6 1 9 2 │ 7 2
  ┼────────────────────────┼
 3 6 │ 2 2 3 2 │ 6 2
 5 1 │ 2 8 5 6 │ 5 6
 3 9 │ 3 5 8 8 │ 9 2
 4 2 │ 2 6 8 8 │ 6 4
  ┼────────────────────────┼
 9 7 │ 6 5 9 6 │ 6 8
 3 2 │ 2 6 2 4 │ 8 2

# Square 103  (outer=2540863327, inner=6260598960388)
TL=(3,8,8,7) TR=(4,2,3,3) BL=(4,3,2,3) BR=(2,9,9,3)
 3 8 │ 1 5 9 6 │ 4 2
 8 7 │ 2 8 7 1 │ 3 3
  ┼────────────────────────┼
 1 2 │ 0 1 4 4 │ 1 2
 5 8 │ 1 2 1 8 │ 2 1
 9 7 │ 4 1 7 1 │ 4 3
 6 1 │ 4 8 1 9 │ 7 9
  ┼────────────────────────┼
 4 3 │ 1 2 4 7 │ 2 9
 2 3 │ 2 1 3 9 │ 9 3

# Square 104  (outer=2540992853, inner=6261003083941)
TL=(3,8,8,7) TR=(4,3,3,3) BL=(9,7,7,2) BR=(3,8,8,7)
 3 8 │ 1 6 3 4 │ 4 3
 8 7 │ 2 8 7 1 │ 3 3
  ┼────────────────────────┼
 3 6 │ 0 4 3 2 │ 1 2
 6 2 │ 4 2 1 6 │ 6 8
 8 6 │ 3 1 8 2 │ 3 7
 6 4 │ 2 6 2 4 │ 4 1
  ┼────────────────────────┼
 9 7 │ 3 6 8 6 │ 3 8
 7 2 │ 6 2 6 4 │ 8 7

# Square 105  (outer=2547166081, inner=6280263552933)
TL=(3,8,8,7) TR=(9,7,7,2) BL=(4,3,3,3) BR=(3,8,8,7)
 3 8 │ 3 6 8 6 │ 9 7
 8 7 │ 6 2 6 4 │ 7 2
  ┼────────────────────────┼
 1 2 │ 0 4 3 2 │ 3 6
 6 8 │ 4 2 1 6 │ 6 2
 3 7 │ 3 1 8 2 │ 8 6
 4 1 │ 2 6 2 4 │ 6 4
  ┼────────────────────────┼
 4 3 │ 1 6 3 4 │ 3 8
 3 3 │ 2 8 7 1 │ 8 7

# Square 106  (outer=2548765025, inner=6284883049350)
TL=(3,8,8,8) TR=(4,3,3,4) BL=(9,7,7,3) BR=(3,8,8,8)
 3 8 │ 1 6 3 4 │ 4 3
 8 8 │ 2 9 9 2 │ 3 4
  ┼────────────────────────┼
 3 6 │ 0 4 3 2 │ 1 2
 6 4 │ 4 4 1 6 │ 6 9
 8 2 │ 3 1 9 8 │ 3 9
 6 4 │ 2 6 8 8 │ 4 2
  ┼────────────────────────┼
 9 7 │ 3 6 8 6 │ 3 8
 7 3 │ 6 4 2 4 │ 8 8

# Square 107  (outer=2554552173, inner=6300994467269)
TL=(3,8,8,8) TR=(9,7,7,3) BL=(4,3,3,4) BR=(3,8,8,8)
 3 8 │ 3 6 8 6 │ 9 7
 8 8 │ 6 4 2 4 │ 7 3
  ┼────────────────────────┼
 1 2 │ 0 4 3 2 │ 3 6
 6 9 │ 4 4 1 6 │ 6 4
 3 9 │ 3 1 9 8 │ 8 2
 4 2 │ 2 6 8 8 │ 6 4
  ┼────────────────────────┼
 4 3 │ 1 6 3 4 │ 3 8
 3 4 │ 2 9 9 2 │ 8 8

# Square 108  (outer=2555425543, inner=6303543156575)
TL=(3,8,8,9) TR=(3,4,8,4) BL=(3,8,4,4) BR=(4,8,8,7)
 3 8 │ 1 2 9 2 │ 3 4
 8 9 │ 7 4 7 6 │ 8 4
  ┼────────────────────────┼
 1 7 │ 0 2 2 1 │ 1 3
 2 4 │ 2 1 1 2 │ 8 8
 9 7 │ 2 1 3 4 │ 2 2
 2 6 │ 1 2 4 8 │ 4 8
  ┼────────────────────────┼
 3 8 │ 1 8 2 4 │ 4 8
 4 4 │ 3 8 2 8 │ 8 7

# Square 109  (outer=2649238559, inner=6584914783876)
TL=(3,9,2,1) TR=(3,5,5,3) BL=(5,1,1,4) BR=(3,2,9,1)
 3 9 │ 1 3 6 5 │ 3 5
 2 1 │ 1 1 1 3 │ 5 3
  ┼────────────────────────┼
 1 1 │ 0 1 2 1 │ 1 1
 6 2 │ 1 9 2 2 │ 3 1
 3 7 │ 2 2 5 7 │ 6 1
 2 4 │ 1 2 7 2 │ 5 3
  ┼────────────────────────┼
 5 1 │ 1 6 3 2 │ 3 2
 1 4 │ 1 2 7 4 │ 9 1

# Square 110  (outer=2665044417, inner=6626010726911)
TL=(3,9,2,4) TR=(6,4,4,7) BL=(5,1,1,9) BR=(3,2,9,4)
 3 9 │ 2 4 9 6 │ 6 4
 2 4 │ 1 1 2 8 │ 4 7
  ┼────────────────────────┼
 1 1 │ 0 2 3 1 │ 2 1
 6 7 │ 2 7 4 7 │ 4 1
 3 8 │ 3 4 9 6 │ 9 2
 2 6 │ 1 7 6 8 │ 6 8
  ┼────────────────────────┼
 5 1 │ 1 6 3 2 │ 3 2
 1 9 │ 1 7 8 6 │ 9 4

# Square 111  (outer=2683128025, inner=6668572964798)
TL=(3,9,2,8) TR=(3,5,5,7) BL=(4,3,3,8) BR=(3,2,9,8)
 3 9 │ 1 3 6 5 │ 3 5
 2 8 │ 1 5 9 6 │ 5 7
  ┼────────────────────────┼
 1 3 │ 0 1 4 3 │ 1 1
 3 7 │ 1 2 9 5 │ 3 5
 7 2 │ 4 9 6 8 │ 6 9
 6 4 │ 3 5 8 4 │ 5 6
  ┼────────────────────────┼
 4 3 │ 1 3 7 6 │ 3 2
 3 8 │ 3 7 2 4 │ 9 8

# Square 112  (outer=2805152642, inner=6995754306523)
TL=(3,9,4,9) TR=(3,5,5,7) BL=(8,6,6,7) BR=(3,4,9,9)
 3 9 │ 1 3 6 5 │ 3 5
 4 9 │ 2 7 9 3 │ 5 7
  ┼────────────────────────┼
 2 6 │ 0 3 1 2 │ 1 2
 9 6 │ 3 5 5 2 │ 3 7
 2 3 │ 1 5 8 7 │ 6 9
 4 3 │ 2 2 7 9 │ 5 3
  ┼────────────────────────┼
 8 6 │ 2 9 2 4 │ 3 4
 6 7 │ 6 6 3 3 │ 9 9

# Square 113  (outer=2937789680, inner=7286303465740)
TL=(3,9,6,9) TR=(3,3,3,3) BL=(8,3,3,4) BR=(3,6,9,9)
 3 9 │ 1 2 8 7 │ 3 3
 6 9 │ 2 2 7 7 │ 3 3
  ┼────────────────────────┼
 2 3 │ 0 2 7 6 │ 1 2
 9 3 │ 2 0 4 6 │ 2 2
 8 6 │ 7 4 8 2 │ 8 7
 8 6 │ 6 6 2 2 │ 7 7
  ┼────────────────────────┼
 8 3 │ 2 9 8 8 │ 3 6
 3 4 │ 3 3 6 6 │ 9 9

# Square 114  (outer=3093244663, inner=7741355212634)
TL=(3,9,9,1) TR=(6,9,5,1) BL=(6,5,9,1) BR=(8,5,5,7)
 3 9 │ 2 6 9 1 │ 6 9
 9 1 │ 4 6 4 1 │ 5 1
  ┼────────────────────────┼
 2 4 │ 1 3 2 0 │ 5 5
 6 6 │ 3 3 6 6 │ 5 1
 9 4 │ 2 6 3 2 │ 2 8
 1 1 │ 0 6 2 7 │ 5 7
  ┼────────────────────────┼
 6 5 │ 5 5 2 5 │ 8 5
 9 1 │ 5 1 8 7 │ 5 7

# Square 115  (outer=3093604256, inner=7742574952261)
TL=(3,9,9,1) TR=(7,4,2,1) BL=(7,2,4,1) BR=(1,8,8,1)
 3 9 │ 2 8 8 6 │ 7 4
 9 1 │ 1 9 1 1 │ 2 1
  ┼────────────────────────┼
 2 1 │ 0 2 7 3 │ 1 3
 8 9 │ 2 0 4 7 │ 2 3
 8 1 │ 7 4 5 2 │ 9 2
 6 1 │ 3 7 2 1 │ 6 1
  ┼────────────────────────┼
 7 2 │ 1 2 9 6 │ 1 8
 4 1 │ 3 3 2 1 │ 8 1

# Square 116  (outer=3093780537, inner=7743172897475)
TL=(3,9,9,1) TR=(7,5,1,8) BL=(7,1,5,8) BR=(3,7,7,3)
 3 9 │ 2 9 2 5 │ 7 5
 9 1 │ 1 6 3 8 │ 1 8
  ┼────────────────────────┼
 2 1 │ 0 5 0 4 │ 2 4
 9 6 │ 5 9 5 2 │ 6 2
 2 3 │ 0 5 2 9 │ 2 3
 5 8 │ 4 2 9 2 │ 7 4
  ┼────────────────────────┼
 7 1 │ 2 6 2 7 │ 3 7
 5 8 │ 4 2 3 4 │ 7 3

# Square 117  (outer=3101307686, inner=7766930886840)
TL=(3,9,9,2) TR=(6,8,7,8) BL=(6,7,8,8) BR=(8,7,7,3)
 3 9 │ 2 6 5 2 │ 6 8
 9 2 │ 7 1 7 6 │ 7 8
  ┼────────────────────────┼
 2 7 │ 1 5 1 2 │ 5 6
 6 1 │ 5 1 2 4 │ 8 4
 5 7 │ 1 2 5 4 │ 2 2
 2 6 │ 2 4 4 4 │ 9 4
  ┼────────────────────────┼
 6 7 │ 5 8 2 9 │ 8 7
 8 8 │ 6 4 2 4 │ 7 3

# Square 118  (outer=3101310699, inner=7766939829425)
TL=(3,9,9,2) TR=(6,8,7,9) BL=(6,7,8,9) BR=(6,7,7,7)
 3 9 │ 2 6 5 2 │ 6 8
 9 2 │ 7 2 6 8 │ 7 9
  ┼────────────────────────┼
 2 7 │ 1 2 4 2 │ 4 6
 6 2 │ 2 9 7 6 │ 4 8
 5 6 │ 4 7 6 0 │ 8 5
 2 8 │ 2 6 0 4 │ 9 3
  ┼────────────────────────┼
 6 7 │ 4 4 8 9 │ 6 7
 8 9 │ 6 8 5 3 │ 7 7

# Square 119  (outer=3106606079, inner=7783273190333)
TL=(3,9,9,3) TR=(4,5,1,9) BL=(4,1,5,9) BR=(5,6,6,6)
 3 9 │ 1 7 5 5 │ 4 5
 9 3 │ 1 7 6 7 │ 1 9
  ┼────────────────────────┼
 1 1 │ 0 2 5 3 │ 2 3
 7 7 │ 2 1 5 6 │ 2 8
 5 6 │ 5 5 4 4 │ 9 9
 5 7 │ 3 6 4 8 │ 6 4
  ┼────────────────────────┼
 4 1 │ 2 2 9 6 │ 5 6
 5 9 │ 3 8 9 4 │ 6 6

# Square 120  (outer=3107585522, inner=7786543550900)
TL=(3,9,9,3) TR=(5,5,3,6) BL=(5,3,5,6) BR=(7,8,8,8)
 3 9 │ 2 1 4 5 │ 5 5
 9 3 │ 3 3 4 8 │ 3 6
  ┼────────────────────────┼
 2 3 │ 1 0 1 2 │ 4 4
 1 3 │ 0 2 4 7 │ 1 9
 4 4 │ 1 4 0 8 │ 3 2
 5 8 │ 2 7 8 4 │ 4 8
  ┼────────────────────────┼
 5 3 │ 4 1 3 4 │ 7 8
 5 6 │ 4 9 2 8 │ 8 8

# Square 121  (outer=3108618122, inner=7789991402716)
TL=(3,9,9,3) TR=(6,3,8,9) BL=(6,8,3,9) BR=(2,6,6,9)
 3 9 │ 2 4 5 7 │ 6 3
 9 3 │ 8 2 7 7 │ 8 9
  ┼────────────────────────┼
 2 8 │ 0 3 3 6 │ 1 2
 4 2 │ 3 1 9 2 │ 7 6
 5 7 │ 3 9 3 3 │ 6 9
 7 7 │ 6 2 3 7 │ 8 1
  ┼────────────────────────┼
 6 8 │ 1 7 6 8 │ 2 6
 3 9 │ 2 6 9 1 │ 6 9

# Square 122  (outer=3116012476, inner=7813890751655)
TL=(3,9,9,4) TR=(5,5,3,4) BL=(5,3,5,4) BR=(7,8,8,4)
 3 9 │ 2 1 4 5 │ 5 5
 9 4 │ 3 1 9 6 │ 3 4
  ┼────────────────────────┼
 2 3 │ 1 0 1 2 │ 4 4
 1 1 │ 0 1 6 5 │ 1 5
 4 9 │ 1 6 1 7 │ 3 3
 5 6 │ 2 5 7 6 │ 4 6
  ┼────────────────────────┼
 5 3 │ 4 1 3 4 │ 7 8
 5 4 │ 4 5 3 6 │ 8 4

# Square 123  (outer=3117858033, inner=7819466180009)
TL=(3,9,9,4) TR=(6,8,7,8) BL=(6,7,8,8) BR=(6,7,7,7)
 3 9 │ 2 6 5 2 │ 6 8
 9 4 │ 7 3 3 2 │ 7 8
  ┼────────────────────────┼
 2 7 │ 1 2 4 2 │ 4 6
 6 3 │ 2 9 6 1 │ 4 7
 5 3 │ 4 6 1 1 │ 8 7
 2 2 │ 2 1 1 2 │ 9 6
  ┼────────────────────────┼
 6 7 │ 4 4 8 9 │ 6 7
 8 8 │ 6 7 7 6 │ 7 7

# Square 124  (outer=3127086915, inner=7841730551855)
TL=(3,9,9,6) TR=(3,7,4,4) BL=(3,4,7,4) BR=(8,4,4,9)
 3 9 │ 1 4 4 3 │ 3 7
 9 6 │ 4 2 2 4 │ 4 4
  ┼────────────────────────┼
 1 4 │ 0 3 2 2 │ 2 3
 4 2 │ 3 6 1 2 │ 8 6
 4 2 │ 2 1 8 4 │ 5 2
 3 4 │ 2 2 4 4 │ 6 6
  ┼────────────────────────┼
 3 4 │ 2 8 5 6 │ 8 4
 7 4 │ 3 6 2 6 │ 4 9

# Square 125  (outer=3128307103, inner=7845352070344)
TL=(3,9,9,6) TR=(4,7,4,6) BL=(4,4,7,6) BR=(5,4,4,8)
 3 9 │ 1 8 3 3 │ 4 7
 9 6 │ 4 4 1 6 │ 4 6
  ┼────────────────────────┼
 1 4 │ 0 3 2 2 │ 2 3
 8 4 │ 3 0 2 4 │ 3 6
 3 1 │ 2 2 9 4 │ 7 4
 3 6 │ 2 4 4 8 │ 6 8
  ┼────────────────────────┼
 4 4 │ 2 3 7 6 │ 5 4
 7 6 │ 3 6 4 8 │ 4 8

# Square 126  (outer=3132977075, inner=7859212548929)
TL=(3,9,9,6) TR=(8,9,6,1) BL=(8,6,9,1) BR=(7,7,7,5)
 3 9 │ 3 4 7 1 │ 8 9
 9 6 │ 5 8 5 6 │ 6 1
  ┼────────────────────────┼
 3 5 │ 2 3 1 0 │ 6 6
 4 8 │ 3 2 6 4 │ 6 8
 7 5 │ 1 6 5 0 │ 2 2
 1 6 │ 0 4 0 0 │ 2 5
  ┼────────────────────────┼
 8 6 │ 6 6 2 2 │ 7 7
 9 1 │ 6 8 2 5 │ 7 5

# DONE: found=126  outer=3134325792  inner=7863215541457  time=141778s
