# Searching TL indices [6006, 6561)
# Square 1  (outer=35809251, inner=94904660221)
TL=(9,3,3,1) TR=(3,5,5,4) BL=(8,4,4,7) BR=(9,3,3,1)
 9 3 │ 3 2 5 5 │ 3 5
 3 1 │ 1 6 7 4 │ 5 4
  ┼────────────────────────┼
 7 1 │ 2 2 0 1 │ 3 1
 8 4 │ 2 1 8 4 │ 2 6
 1 5 │ 0 8 5 5 │ 5 7
 2 7 │ 1 4 5 8 │ 5 4
  ┼────────────────────────┼
 8 4 │ 7 8 1 2 │ 9 3
 4 7 │ 1 4 5 7 │ 3 1

# Square 2  (outer=37415345, inner=99559120265)
TL=(9,3,3,1) TR=(5,5,5,4) BL=(7,4,4,7) BR=(9,3,3,1)
 9 3 │ 5 1 1 5 │ 5 5
 3 1 │ 1 6 7 4 │ 5 4
  ┼────────────────────────┼
 6 1 │ 3 1 1 1 │ 5 1
 8 4 │ 1 3 4 4 │ 1 6
 8 5 │ 1 4 4 5 │ 1 7
 2 7 │ 1 4 5 8 │ 5 4
  ┼────────────────────────┼
 7 4 │ 6 8 8 2 │ 9 3
 4 7 │ 1 4 5 7 │ 3 1

# Square 3  (outer=37828045, inner=100755124446)
TL=(9,3,3,1) TR=(6,2,4,1) BL=(6,4,2,1) BR=(2,8,8,7)
 9 3 │ 5 7 6 6 │ 6 2
 3 1 │ 1 2 7 1 │ 4 1
  ┼────────────────────────┼
 5 1 │ 0 5 6 1 │ 1 1
 7 2 │ 5 6 1 6 │ 7 8
 6 7 │ 6 1 6 4 │ 9 2
 6 1 │ 1 6 4 7 │ 2 7
  ┼────────────────────────┼
 6 4 │ 1 7 9 2 │ 2 8
 2 1 │ 1 8 2 7 │ 8 7

# Square 4  (outer=38961407, inner=104039607349)
TL=(9,3,3,1) TR=(7,4,4,7) BL=(5,5,5,4) BR=(9,3,3,1)
 9 3 │ 6 8 8 2 │ 7 4
 3 1 │ 1 4 5 7 │ 4 7
  ┼────────────────────────┼
 5 1 │ 3 1 1 1 │ 6 1
 1 6 │ 1 3 4 4 │ 8 4
 1 7 │ 1 4 4 5 │ 8 5
 5 4 │ 1 4 5 8 │ 2 7
  ┼────────────────────────┼
 5 5 │ 5 1 1 5 │ 9 3
 5 4 │ 1 6 7 4 │ 3 1

# Square 5  (outer=39934718, inner=106860261937)
TL=(9,3,3,1) TR=(8,4,4,7) BL=(3,5,5,4) BR=(9,3,3,1)
 9 3 │ 7 8 1 2 │ 8 4
 3 1 │ 1 4 5 7 │ 4 7
  ┼────────────────────────┼
 3 1 │ 2 2 0 1 │ 7 1
 2 6 │ 2 1 8 4 │ 8 4
 5 7 │ 0 8 5 5 │ 1 5
 5 4 │ 1 4 5 8 │ 2 7
  ┼────────────────────────┼
 3 5 │ 3 2 5 5 │ 9 3
 5 4 │ 1 6 7 4 │ 3 1

# Square 6  (outer=46654091, inner=125318362603)
TL=(9,3,3,2) TR=(8,6,8,9) BL=(8,8,6,9) BR=(4,9,9,2)
 9 3 │ 7 9 9 8 │ 8 6
 3 2 │ 2 8 4 8 │ 8 9
  ┼────────────────────────┼
 7 2 │ 3 3 1 2 │ 4 6
 9 8 │ 3 2 3 4 │ 3 3
 9 4 │ 1 3 1 6 │ 1 4
 8 8 │ 2 4 6 4 │ 2 8
  ┼────────────────────────┼
 8 8 │ 4 3 1 2 │ 4 9
 6 9 │ 6 3 4 8 │ 9 2

# Square 7  (outer=50543017, inner=136381162016)
TL=(9,3,3,3) TR=(5,8,3,9) BL=(5,3,8,9) BR=(4,1,1,5)
 9 3 │ 5 3 9 4 │ 5 8
 3 3 │ 1 2 8 7 │ 3 9
  ┼────────────────────────┼
 5 1 │ 1 0 7 1 │ 2 1
 3 2 │ 0 4 1 6 │ 1 3
 9 8 │ 7 1 5 4 │ 7 3
 4 7 │ 1 6 4 5 │ 3 5
  ┼────────────────────────┼
 5 3 │ 2 1 7 3 │ 4 1
 8 9 │ 1 3 3 5 │ 1 5

# Square 8  (outer=67034993, inner=180080872763)
TL=(9,3,3,6) TR=(3,5,5,9) BL=(3,6,6,7) BR=(9,3,3,6)
 9 3 │ 3 2 5 5 │ 3 5
 3 6 │ 2 1 2 4 │ 5 9
  ┼────────────────────────┼
 3 2 │ 1 0 2 4 │ 3 2
 3 4 │ 0 7 1 4 │ 2 1
 4 1 │ 2 1 3 2 │ 5 2
 8 2 │ 4 4 2 8 │ 5 4
  ┼────────────────────────┼
 3 6 │ 3 3 4 8 │ 9 3
 6 7 │ 2 4 1 2 │ 3 6

# Square 9  (outer=67170670, inner=180474064658)
TL=(9,3,3,6) TR=(3,6,6,7) BL=(3,5,5,9) BR=(9,3,3,6)
 9 3 │ 3 3 4 8 │ 3 6
 3 6 │ 2 4 1 2 │ 6 7
  ┼────────────────────────┼
 3 2 │ 1 0 2 4 │ 3 2
 2 1 │ 0 7 1 4 │ 3 4
 5 2 │ 2 1 3 2 │ 4 1
 5 4 │ 4 4 2 8 │ 8 2
  ┼────────────────────────┼
 3 5 │ 3 2 5 5 │ 9 3
 5 9 │ 2 1 2 4 │ 3 6

# Square 10  (outer=76181145, inner=207808812383)
TL=(9,3,3,7) TR=(5,5,5,3) BL=(7,4,4,4) BR=(9,3,3,7)
 9 3 │ 5 1 1 5 │ 5 5
 3 7 │ 1 9 6 1 │ 5 3
  ┼────────────────────────┼
 6 1 │ 3 1 1 1 │ 5 1
 8 6 │ 1 6 3 4 │ 1 9
 8 2 │ 1 3 1 2 │ 1 6
 2 8 │ 1 4 2 8 │ 5 1
  ┼────────────────────────┼
 7 4 │ 6 8 8 2 │ 9 3
 4 4 │ 1 6 2 8 │ 3 7

# Square 11  (outer=76521416, inner=208923539624)
TL=(9,3,3,7) TR=(5,9,6,8) BL=(5,6,9,8) BR=(8,3,3,2)
 9 3 │ 5 4 8 7 │ 5 9
 3 7 │ 2 5 1 6 │ 6 8
  ┼────────────────────────┼
 5 2 │ 2 2 3 6 │ 4 3
 4 5 │ 2 7 4 5 │ 6 1
 8 1 │ 3 4 8 3 │ 4 3
 7 6 │ 6 5 3 6 │ 8 6
  ┼────────────────────────┼
 5 6 │ 4 6 4 8 │ 8 3
 9 8 │ 3 1 3 6 │ 3 2

# Square 12  (outer=77984218, inner=213715678862)
TL=(9,3,3,7) TR=(7,4,4,4) BL=(5,5,5,3) BR=(9,3,3,7)
 9 3 │ 6 8 8 2 │ 7 4
 3 7 │ 1 6 2 8 │ 4 4
  ┼────────────────────────┼
 5 1 │ 3 1 1 1 │ 6 1
 1 9 │ 1 6 3 4 │ 8 6
 1 6 │ 1 3 1 2 │ 8 2
 5 1 │ 1 4 2 8 │ 2 8
  ┼────────────────────────┼
 5 5 │ 5 1 1 5 │ 9 3
 5 3 │ 1 9 6 1 │ 3 7

# Square 13  (outer=79637177, inner=219130773796)
TL=(9,3,3,7) TR=(8,9,5,8) BL=(8,5,9,8) BR=(3,7,7,3)
 9 3 │ 8 2 7 7 │ 8 9
 3 7 │ 2 1 4 6 │ 5 8
  ┼────────────────────────┼
 8 2 │ 3 0 3 4 │ 3 7
 2 1 │ 0 2 3 1 │ 1 1
 7 4 │ 3 3 3 0 │ 4 5
 7 6 │ 4 1 0 4 │ 5 4
  ┼────────────────────────┼
 8 5 │ 3 1 4 5 │ 3 7
 9 8 │ 7 1 5 4 │ 7 3

# Square 14  (outer=91483317, inner=256286361872)
TL=(9,3,3,9) TR=(5,8,3,8) BL=(5,3,8,8) BR=(8,2,2,8)
 9 3 │ 5 3 9 4 │ 5 8
 3 9 │ 1 4 8 2 │ 3 8
  ┼────────────────────────┼
 5 1 │ 2 1 4 2 │ 4 2
 3 4 │ 1 1 5 6 │ 3 4
 9 8 │ 4 5 0 8 │ 4 6
 4 2 │ 2 6 8 8 │ 6 4
  ┼────────────────────────┼
 5 3 │ 4 3 4 6 │ 8 2
 8 8 │ 2 4 6 4 │ 2 8

# Square 15  (outer=314870026, inner=777600603190)
TL=(9,3,7,2) TR=(1,2,2,3) BL=(9,6,6,1) BR=(9,7,3,2)
 9 3 │ 1 1 1 6 │ 1 2
 7 2 │ 1 6 5 6 │ 2 3
  ┼────────────────────────┼
 9 1 │ 1 0 0 1 │ 1 1
 3 9 │ 0 6 2 4 │ 1 6
 1 5 │ 0 2 2 5 │ 1 5
 2 2 │ 1 4 5 2 │ 6 6
  ┼────────────────────────┼
 9 6 │ 9 3 1 2 │ 9 7
 6 1 │ 1 9 5 2 │ 3 2

# Square 16  (outer=316798116, inner=782906705937)
TL=(9,3,7,2) TR=(3,8,8,6) BL=(6,8,8,2) BR=(9,7,3,2)
 9 3 │ 3 5 3 4 │ 3 8
 7 2 │ 6 1 9 2 │ 8 6
  ┼────────────────────────┼
 6 2 │ 2 2 3 2 │ 3 6
 5 6 │ 2 8 5 6 │ 5 1
 9 2 │ 3 5 8 8 │ 3 9
 6 4 │ 2 6 8 8 │ 4 2
  ┼────────────────────────┼
 6 8 │ 6 5 9 6 │ 9 7
 8 2 │ 2 6 2 4 │ 3 2

# Square 17  (outer=382462457, inner=977941027158)
TL=(9,3,8,1) TR=(2,3,3,6) BL=(9,4,4,8) BR=(9,8,3,1)
 9 3 │ 2 1 3 9 │ 2 3
 8 1 │ 2 9 1 6 │ 3 6
  ┼────────────────────────┼
 9 1 │ 2 0 0 2 │ 2 2
 2 4 │ 0 4 5 6 │ 1 9
 1 8 │ 0 5 5 8 │ 3 1
 2 8 │ 2 6 8 8 │ 9 6
  ┼────────────────────────┼
 9 4 │ 9 2 1 2 │ 9 8
 4 8 │ 1 4 8 8 │ 3 1

# Square 18  (outer=384320769, inner=982642555875)
TL=(9,3,8,1) TR=(4,1,1,5) BL=(7,4,4,9) BR=(9,8,3,1)
 9 3 │ 3 8 1 3 │ 4 1
 8 1 │ 1 2 1 5 │ 1 5
  ┼────────────────────────┼
 7 1 │ 2 2 0 1 │ 3 1
 2 5 │ 2 0 5 0 │ 8 2
 5 1 │ 0 5 6 1 │ 1 1
 2 9 │ 1 0 1 5 │ 3 5
  ┼────────────────────────┼
 7 4 │ 7 2 5 2 │ 9 8
 4 9 │ 1 5 1 9 │ 3 1

# Square 19  (outer=384417467, inner=982887201032)
TL=(9,3,8,1) TR=(4,3,3,6) BL=(4,4,4,8) BR=(9,8,3,1)
 9 3 │ 3 9 9 9 │ 4 3
 8 1 │ 2 9 1 6 │ 3 6
  ┼────────────────────────┼
 4 1 │ 1 3 1 2 │ 3 2
 3 4 │ 3 3 6 6 │ 9 9
 1 8 │ 1 6 3 8 │ 9 1
 2 8 │ 2 6 8 8 │ 9 6
  ┼────────────────────────┼
 4 4 │ 4 3 1 2 │ 9 8
 4 8 │ 1 4 8 8 │ 3 1

# Square 20  (outer=394555342, inner=1007992162466)
TL=(9,3,8,2) TR=(5,3,3,4) BL=(3,4,4,8) BR=(9,8,3,2)
 9 3 │ 4 9 2 9 │ 5 3
 8 2 │ 2 7 8 8 │ 3 4
  ┼────────────────────────┼
 3 1 │ 1 3 0 2 │ 4 2
 3 5 │ 3 3 9 5 │ 9 7
 3 3 │ 0 9 2 4 │ 2 8
 2 6 │ 2 5 4 8 │ 9 8
  ┼────────────────────────┼
 3 4 │ 3 3 3 2 │ 9 8
 4 8 │ 1 5 3 6 │ 3 2

# Square 21  (outer=394560789, inner=1008005044121)
TL=(9,3,8,2) TR=(5,3,3,8) BL=(1,7,7,3) BR=(9,8,3,2)
 9 3 │ 4 9 2 9 │ 5 3
 8 2 │ 3 1 1 6 │ 3 8
  ┼────────────────────────┼
 1 2 │ 0 5 1 6 │ 4 3
 6 3 │ 5 7 3 3 │ 9 1
 6 3 │ 1 3 2 3 │ 2 1
 6 6 │ 6 3 3 6 │ 9 6
  ┼────────────────────────┼
 1 7 │ 1 6 6 6 │ 9 8
 7 3 │ 2 3 3 6 │ 3 2

# Square 22  (outer=410841453, inner=1048471491064)
TL=(9,3,8,4) TR=(4,3,3,4) BL=(8,8,8,2) BR=(9,8,3,4)
 9 3 │ 3 9 9 9 │ 4 3
 8 4 │ 2 8 5 6 │ 3 4
  ┼────────────────────────┼
 8 2 │ 2 6 2 4 │ 3 2
 6 7 │ 6 5 6 6 │ 9 8
 2 8 │ 2 6 6 0 │ 9 5
 4 8 │ 4 6 0 8 │ 9 6
  ┼────────────────────────┼
 8 8 │ 8 6 2 4 │ 9 8
 8 2 │ 2 7 8 8 │ 3 4

# Square 23  (outer=431391951, inner=1096128236779)
TL=(9,3,8,7) TR=(1,8,8,3) BL=(8,9,9,5) BR=(9,8,3,7)
 9 3 │ 1 6 7 4 │ 1 8
 8 7 │ 7 2 2 1 │ 8 3
  ┼────────────────────────┼
 8 3 │ 1 4 1 1 │ 1 7
 7 5 │ 4 6 5 0 │ 6 2
 2 1 │ 1 5 1 2 │ 7 2
 2 5 │ 1 0 2 5 │ 4 1
  ┼────────────────────────┼
 8 9 │ 8 7 2 2 │ 9 8
 9 5 │ 3 5 1 5 │ 3 7

# Square 24  (outer=431552524, inner=1096587475683)
TL=(9,3,8,7) TR=(2,3,3,4) BL=(9,4,4,9) BR=(9,8,3,7)
 9 3 │ 2 1 3 9 │ 2 3
 8 7 │ 2 9 5 8 │ 3 4
  ┼────────────────────────┼
 9 1 │ 2 0 0 2 │ 2 2
 2 8 │ 0 5 3 2 │ 1 9
 1 1 │ 0 3 8 5 │ 3 5
 2 3 │ 2 2 5 4 │ 9 8
  ┼────────────────────────┼
 9 4 │ 9 2 1 2 │ 9 8
 4 9 │ 1 8 1 3 │ 3 7

# Square 25  (outer=485265497, inner=1249389019613)
TL=(9,3,9,3) TR=(9,6,6,8) BL=(7,3,3,5) BR=(9,9,3,3)
 9 3 │ 8 9 2 8 │ 9 6
 9 3 │ 6 3 2 4 │ 6 8
  ┼────────────────────────┼
 7 1 │ 6 1 0 6 │ 8 6
 2 1 │ 1 9 5 3 │ 9 3
 2 5 │ 0 5 5 0 │ 2 2
 7 5 │ 6 3 0 0 │ 8 4
  ┼────────────────────────┼
 7 3 │ 7 2 2 7 │ 9 9
 3 5 │ 1 1 5 5 │ 3 3

# Square 26  (outer=664089522, inner=1795476826801)
TL=(9,4,4,2) TR=(4,2,6,7) BL=(4,6,2,7) BR=(5,9,9,4)
 9 4 │ 3 9 4 8 │ 4 2
 4 2 │ 2 8 1 4 │ 6 7
  ┼────────────────────────┼
 3 2 │ 0 7 0 4 │ 2 2
 9 8 │ 7 3 5 0 │ 7 5
 4 1 │ 0 5 3 3 │ 1 3
 8 4 │ 4 0 3 2 │ 4 8
  ┼────────────────────────┼
 4 6 │ 2 7 1 4 │ 5 9
 2 7 │ 2 5 3 8 │ 9 4

# Square 27  (outer=666695028, inner=1802456978403)
TL=(9,4,4,2) TR=(7,6,5,8) BL=(7,5,6,8) BR=(6,9,9,8)
 9 4 │ 7 1 4 4 │ 7 6
 4 2 │ 2 4 3 6 │ 5 8
  ┼────────────────────────┼
 7 2 │ 4 0 3 2 │ 5 6
 1 4 │ 0 2 2 4 │ 1 6
 4 3 │ 3 2 6 8 │ 7 6
 4 6 │ 2 4 8 4 │ 5 4
  ┼────────────────────────┼
 7 5 │ 5 1 7 5 │ 6 9
 6 8 │ 6 6 6 4 │ 9 8

# Square 28  (outer=667273632, inner=1804007058708)
TL=(9,4,4,2) TR=(8,1,5,9) BL=(8,5,1,9) BR=(3,5,5,9)
 9 4 │ 7 6 1 4 │ 8 1
 4 2 │ 2 4 7 8 │ 5 9
  ┼────────────────────────┼
 7 2 │ 1 5 1 2 │ 2 1
 6 4 │ 5 8 2 4 │ 9 1
 1 7 │ 1 2 2 4 │ 7 2
 4 8 │ 2 4 4 8 │ 5 1
  ┼────────────────────────┼
 8 5 │ 2 9 7 5 │ 3 5
 1 9 │ 1 1 2 1 │ 5 9

# Square 29  (outer=681148561, inner=1845047584143)
TL=(9,4,4,4) TR=(8,7,4,3) BL=(8,4,7,3) BR=(7,3,3,5)
 9 4 │ 8 1 7 8 │ 8 7
 4 4 │ 1 8 9 2 │ 4 3
  ┼────────────────────────┼
 8 1 │ 5 0 2 2 │ 6 2
 1 8 │ 0 2 7 0 │ 1 5
 7 9 │ 2 7 6 5 │ 3 5
 8 2 │ 2 0 5 0 │ 2 5
  ┼────────────────────────┼
 8 4 │ 6 1 3 2 │ 7 3
 7 3 │ 2 5 5 5 │ 3 5

# Square 30  (outer=686864674, inner=1856979496260)
TL=(9,4,4,6) TR=(2,6,4,7) BL=(2,4,6,7) BR=(7,8,8,9)
 9 4 │ 2 4 4 4 │ 2 6
 4 6 │ 2 1 6 2 │ 4 7
  ┼────────────────────────┼
 2 2 │ 0 3 3 0 │ 1 5
 4 1 │ 3 6 4 9 │ 8 9
 4 6 │ 3 4 9 6 │ 7 6
 4 2 │ 0 9 6 6 │ 2 3
  ┼────────────────────────┼
 2 4 │ 1 8 7 2 │ 7 8
 6 7 │ 5 9 6 3 │ 8 9

# Square 31  (outer=706414712, inner=1914787758894)
TL=(9,4,4,8) TR=(9,8,3,1) BL=(9,3,8,1) BR=(2,3,3,6)
 9 4 │ 9 2 1 2 │ 9 8
 4 8 │ 1 4 8 8 │ 3 1
  ┼────────────────────────┼
 9 1 │ 2 0 0 2 │ 2 2
 2 4 │ 0 4 5 6 │ 1 9
 1 8 │ 0 5 5 8 │ 3 1
 2 8 │ 2 6 8 8 │ 9 6
  ┼────────────────────────┼
 9 3 │ 2 1 3 9 │ 2 3
 8 1 │ 2 9 1 6 │ 3 6

# Square 32  (outer=713528232, inner=1937442359192)
TL=(9,4,4,9) TR=(9,8,3,7) BL=(9,3,8,7) BR=(2,3,3,4)
 9 4 │ 9 2 1 2 │ 9 8
 4 9 │ 1 8 1 3 │ 3 7
  ┼────────────────────────┼
 9 1 │ 2 0 0 2 │ 2 2
 2 8 │ 0 5 3 2 │ 1 9
 1 1 │ 0 3 8 5 │ 3 5
 2 3 │ 2 2 5 4 │ 9 8
  ┼────────────────────────┼
 9 3 │ 2 1 3 9 │ 2 3
 8 7 │ 2 9 5 8 │ 3 4

# Square 33  (outer=776934654, inner=2050312881501)
TL=(9,4,6,1) TR=(1,4,4,8) BL=(9,6,6,5) BR=(9,6,4,1)
 9 4 │ 1 3 1 6 │ 1 4
 6 1 │ 2 9 2 8 │ 4 8
  ┼────────────────────────┼
 9 2 │ 1 1 0 4 │ 1 2
 2 6 │ 1 0 1 4 │ 3 9
 1 6 │ 0 1 9 2 │ 1 2
 6 5 │ 4 4 2 0 │ 6 8
  ┼────────────────────────┼
 9 6 │ 9 2 1 6 │ 9 6
 6 5 │ 2 6 6 5 │ 4 1

# Square 34  (outer=777352358, inner=2051576016939)
TL=(9,4,6,1) TR=(2,4,4,9) BL=(5,6,6,5) BR=(9,6,4,1)
 9 4 │ 2 2 5 6 │ 2 4
 6 1 │ 2 9 8 9 │ 4 9
  ┼────────────────────────┼
 5 2 │ 1 1 4 4 │ 2 2
 3 6 │ 1 0 4 4 │ 2 9
 7 6 │ 4 4 0 8 │ 5 8
 6 5 │ 4 4 8 5 │ 6 9
  ┼────────────────────────┼
 5 6 │ 5 3 7 6 │ 9 6
 6 5 │ 2 6 6 5 │ 4 1

# Square 35  (outer=792286058, inner=2094095200698)
TL=(9,4,6,3) TR=(3,1,1,9) BL=(9,2,2,9) BR=(9,6,4,3)
 9 4 │ 2 9 1 4 │ 3 1
 6 3 │ 1 1 9 7 │ 1 9
  ┼────────────────────────┼
 8 1 │ 1 7 0 1 │ 2 1
 8 2 │ 7 4 6 2 │ 9 1
 3 4 │ 0 6 4 6 │ 1 9
 2 7 │ 1 2 6 9 │ 4 7
  ┼────────────────────────┼
 9 2 │ 8 8 3 2 │ 9 6
 2 9 │ 1 2 4 7 │ 4 3

# Square 36  (outer=818109914, inner=2163480278050)
TL=(9,4,6,7) TR=(3,1,1,7) BL=(6,6,6,3) BR=(9,6,4,7)
 9 4 │ 2 9 1 4 │ 3 1
 6 7 │ 1 1 3 9 │ 1 7
  ┼────────────────────────┼
 6 2 │ 1 3 0 2 │ 2 1
 3 9 │ 3 5 4 9 │ 9 1
 3 6 │ 0 4 6 8 │ 1 3
 6 1 │ 2 9 8 9 │ 4 9
  ┼────────────────────────┼
 6 6 │ 6 3 3 6 │ 9 6
 6 3 │ 2 9 6 1 │ 4 7

# Square 37  (outer=839420856, inner=2227667881248)
TL=(9,4,6,9) TR=(8,1,1,7) BL=(7,6,6,1) BR=(9,6,4,9)
 9 4 │ 7 6 1 4 │ 8 1
 6 9 │ 1 1 7 3 │ 1 7
  ┼────────────────────────┼
 7 2 │ 5 1 1 2 │ 7 1
 2 9 │ 1 7 6 9 │ 6 1
 9 8 │ 1 6 6 6 │ 1 7
 6 9 │ 2 9 6 7 │ 4 3
  ┼────────────────────────┼
 7 6 │ 7 2 9 6 │ 9 6
 6 1 │ 2 9 8 9 │ 4 9

# Square 38  (outer=844884348, inner=2245957031852)
TL=(9,4,7,1) TR=(5,8,8,1) BL=(2,6,6,9) BR=(9,7,4,1)
 9 4 │ 5 4 5 2 │ 5 8
 7 1 │ 5 7 5 1 │ 8 1
  ┼────────────────────────┼
 2 2 │ 1 2 1 0 │ 5 5
 5 8 │ 2 7 2 6 │ 4 7
 2 2 │ 1 2 1 0 │ 5 5
 2 9 │ 0 6 0 9 │ 2 1
  ┼────────────────────────┼
 2 6 │ 2 5 2 2 │ 9 7
 6 9 │ 2 8 2 9 │ 4 1

# Square 39  (outer=854003393, inner=2275269132313)
TL=(9,4,7,2) TR=(7,4,4,4) BL=(7,2,2,8) BR=(9,7,4,2)
 9 4 │ 6 9 5 6 │ 7 4
 7 2 │ 3 1 6 8 │ 4 4
  ┼────────────────────────┼
 6 1 │ 3 8 4 3 │ 6 3
 9 1 │ 8 2 8 1 │ 9 1
 8 7 │ 4 8 7 2 │ 5 6
 4 6 │ 3 1 2 8 │ 6 8
  ┼────────────────────────┼
 7 2 │ 6 9 8 4 │ 9 7
 2 8 │ 1 1 7 6 │ 4 2

# Square 40  (outer=937884436, inner=2534100236505)
TL=(9,4,8,4) TR=(8,1,1,9) BL=(3,4,4,3) BR=(9,8,4,4)
 9 4 │ 7 6 1 4 │ 8 1
 8 4 │ 1 5 9 6 │ 1 9
  ┼────────────────────────┼
 3 1 │ 2 2 0 1 │ 7 1
 3 8 │ 2 4 7 0 │ 6 5
 3 9 │ 0 7 4 1 │ 1 9
 2 2 │ 1 0 1 2 │ 4 6
  ┼────────────────────────┼
 3 4 │ 3 3 3 2 │ 9 8
 4 3 │ 1 8 9 2 │ 4 4

# Square 41  (outer=981676039, inner=2658568432033)
TL=(9,4,9,1) TR=(7,4,4,8) BL=(2,4,4,6) BR=(9,9,4,1)
 9 4 │ 6 9 5 6 │ 7 4
 9 1 │ 4 3 6 8 │ 4 8
  ┼────────────────────────┼
 2 1 │ 1 3 4 4 │ 6 4
 3 8 │ 3 5 3 4 │ 9 3
 7 8 │ 4 3 6 8 │ 5 6
 6 6 │ 4 4 8 8 │ 6 8
  ┼────────────────────────┼
 2 4 │ 2 3 7 6 │ 9 9
 4 6 │ 1 8 8 6 │ 4 1

# Square 42  (outer=1051223512, inner=2883739851308)
TL=(9,5,1,7) TR=(9,7,7,3) BL=(4,8,8,2) BR=(9,1,5,7)
 9 5 │ 9 2 1 5 │ 9 7
 1 7 │ 1 2 4 1 │ 7 3
  ┼────────────────────────┼
 4 4 │ 4 0 0 4 │ 9 1
 3 6 │ 0 7 9 2 │ 2 2
 6 7 │ 0 9 3 8 │ 1 4
 8 4 │ 4 2 8 4 │ 5 1
  ┼────────────────────────┼
 4 8 │ 4 3 6 8 │ 9 1
 8 2 │ 4 6 7 4 │ 5 7

# Square 43  (outer=1148620932, inner=3197515665635)
TL=(9,5,5,1) TR=(2,5,9,1) BL=(2,9,5,1) BR=(6,6,6,4)
 9 5 │ 2 3 7 5 │ 2 5
 5 1 │ 4 6 4 1 │ 9 1
  ┼────────────────────────┼
 2 4 │ 0 3 1 2 │ 1 3
 3 6 │ 3 3 1 2 │ 9 2
 7 4 │ 1 1 8 4 │ 1 6
 5 1 │ 2 2 4 4 │ 4 4
  ┼────────────────────────┼
 2 9 │ 1 9 1 4 │ 6 6
 5 1 │ 3 2 6 4 │ 6 4

# Square 44  (outer=1157841978, inner=3216018651188)
TL=(9,5,5,3) TR=(3,5,5,9) BL=(6,9,9,4) BR=(9,5,5,3)
 9 5 │ 3 3 2 5 │ 3 5
 5 3 │ 3 1 2 7 │ 5 9
  ┼────────────────────────┼
 6 4 │ 2 1 1 2 │ 3 3
 5 9 │ 1 8 2 9 │ 3 1
 5 8 │ 1 2 7 6 │ 2 2
 5 2 │ 2 9 6 4 │ 5 7
  ┼────────────────────────┼
 6 9 │ 6 5 5 5 │ 9 5
 9 4 │ 4 9 8 2 │ 5 3

# Square 45  (outer=1159723551, inner=3219838243597)
TL=(9,5,5,3) TR=(6,9,9,4) BL=(3,5,5,9) BR=(9,5,5,3)
 9 5 │ 6 5 5 5 │ 6 9
 5 3 │ 4 9 8 2 │ 9 4
  ┼────────────────────────┼
 3 3 │ 2 1 1 2 │ 6 4
 3 1 │ 1 8 2 9 │ 5 9
 2 2 │ 1 2 7 6 │ 5 8
 5 7 │ 2 9 6 4 │ 5 2
  ┼────────────────────────┼
 3 5 │ 3 3 2 5 │ 9 5
 5 9 │ 3 1 2 7 │ 5 3

# Square 46  (outer=1170464477, inner=3238197357395)
TL=(9,5,5,6) TR=(6,9,5,7) BL=(6,5,9,7) BR=(4,5,5,1)
 9 5 │ 6 5 5 5 │ 6 9
 5 6 │ 3 1 9 2 │ 5 7
  ┼────────────────────────┼
 6 3 │ 1 5 1 2 │ 2 4
 5 1 │ 5 0 4 9 │ 9 9
 5 9 │ 1 4 1 6 │ 2 4
 5 2 │ 2 9 6 4 │ 5 7
  ┼────────────────────────┼
 6 5 │ 2 9 2 5 │ 4 5
 9 7 │ 4 9 4 7 │ 5 1

# Square 47  (outer=1170674231, inner=3238579109778)
TL=(9,5,5,6) TR=(7,3,5,6) BL=(7,5,3,6) BR=(3,3,3,1)
 9 5 │ 6 9 3 5 │ 7 3
 5 6 │ 3 1 3 6 │ 5 6
  ┼────────────────────────┼
 6 3 │ 1 3 2 3 │ 2 1
 9 1 │ 3 7 3 1 │ 4 1
 3 3 │ 2 3 4 3 │ 7 1
 5 6 │ 3 1 3 6 │ 5 6
  ┼────────────────────────┼
 7 5 │ 2 4 7 5 │ 3 3
 3 6 │ 1 1 1 6 │ 3 1

# Square 48  (outer=1179000805, inner=3254672129763)
TL=(9,5,5,8) TR=(6,9,9,1) BL=(6,9,9,1) BR=(9,9,9,2)
 9 5 │ 6 5 5 5 │ 6 9
 5 8 │ 5 2 7 8 │ 9 1
  ┼────────────────────────┼
 6 5 │ 4 4 2 0 │ 6 8
 5 2 │ 4 3 1 6 │ 8 3
 5 7 │ 2 1 0 9 │ 3 7
 5 8 │ 0 6 9 6 │ 1 2
  ┼────────────────────────┼
 6 9 │ 6 8 3 1 │ 9 9
 9 1 │ 8 3 7 2 │ 9 2

# Square 49  (outer=1179727594, inner=3256045761285)
TL=(9,5,5,8) TR=(8,3,7,2) BL=(8,7,3,2) BR=(7,9,9,9)
 9 5 │ 7 8 8 5 │ 8 3
 5 8 │ 4 1 7 6 │ 7 2
  ┼────────────────────────┼
 7 4 │ 4 6 6 2 │ 6 3
 8 1 │ 6 5 6 1 │ 8 1
 8 7 │ 6 6 1 2 │ 7 6
 5 6 │ 2 1 2 8 │ 3 8
  ┼────────────────────────┼
 8 7 │ 6 8 7 3 │ 7 9
 3 2 │ 3 1 6 8 │ 9 9

# Square 50  (outer=1181018861, inner=3258587177748)
TL=(9,5,5,9) TR=(2,7,3,6) BL=(2,3,7,6) BR=(7,8,8,2)
 9 5 │ 2 5 6 5 │ 2 7
 5 9 │ 2 1 2 4 │ 3 6
  ┼────────────────────────┼
 2 2 │ 0 3 5 2 │ 1 6
 5 1 │ 3 6 7 2 │ 7 2
 6 2 │ 5 7 6 6 │ 9 3
 5 4 │ 2 2 6 8 │ 4 2
  ┼────────────────────────┼
 2 3 │ 1 7 9 4 │ 7 8
 7 6 │ 6 2 3 2 │ 8 2

# Square 51  (outer=1358749415, inner=3838062272225)
TL=(9,6,1,8) TR=(9,6,6,2) BL=(4,6,6,6) BR=(9,1,6,8)
 9 6 │ 9 2 1 6 │ 9 6
 1 8 │ 1 1 1 6 │ 6 2
  ┼────────────────────────┼
 4 4 │ 4 0 0 4 │ 9 1
 1 4 │ 0 2 9 4 │ 2 1
 8 8 │ 0 9 6 8 │ 1 1
 6 8 │ 4 4 8 8 │ 6 6
  ┼────────────────────────┼
 4 6 │ 4 1 8 6 │ 9 1
 6 6 │ 4 4 8 8 │ 6 8

# Square 52  (outer=1463320346, inner=4193152330610)
TL=(9,6,4,1) TR=(5,6,6,5) BL=(2,4,4,9) BR=(9,4,6,1)
 9 6 │ 5 3 7 6 │ 5 6
 4 1 │ 2 6 6 5 │ 6 5
  ┼────────────────────────┼
 2 2 │ 1 1 4 4 │ 5 2
 2 9 │ 1 0 4 4 │ 3 6
 5 8 │ 4 4 0 8 │ 7 6
 6 9 │ 4 4 8 5 │ 6 5
  ┼────────────────────────┼
 2 4 │ 2 2 5 6 │ 9 4
 4 9 │ 2 9 8 9 │ 6 1

# Square 53  (outer=1467118953, inner=4205927045596)
TL=(9,6,4,1) TR=(9,6,6,5) BL=(1,4,4,8) BR=(9,4,6,1)
 9 6 │ 9 2 1 6 │ 9 6
 4 1 │ 2 6 6 5 │ 6 5
  ┼────────────────────────┼
 1 2 │ 1 1 0 4 │ 9 2
 3 9 │ 1 0 1 4 │ 2 6
 1 2 │ 0 1 9 2 │ 1 6
 6 8 │ 4 4 2 0 │ 6 5
  ┼────────────────────────┼
 1 4 │ 1 3 1 6 │ 9 4
 4 8 │ 2 9 2 8 │ 6 1

# Square 54  (outer=1479930772, inner=4246935446066)
TL=(9,6,4,3) TR=(9,2,2,9) BL=(3,1,1,9) BR=(9,4,6,3)
 9 6 │ 8 8 3 2 │ 9 2
 4 3 │ 1 2 4 7 │ 2 9
  ┼────────────────────────┼
 2 1 │ 1 7 0 1 │ 8 1
 9 1 │ 7 4 6 2 │ 8 2
 1 9 │ 0 6 4 6 │ 3 4
 4 7 │ 1 2 6 9 │ 2 7
  ┼────────────────────────┼
 3 1 │ 2 9 1 4 │ 9 4
 1 9 │ 1 1 9 7 │ 6 3

# Square 55  (outer=1501084043, inner=4308680064443)
TL=(9,6,4,7) TR=(6,6,6,3) BL=(3,1,1,7) BR=(9,4,6,7)
 9 6 │ 6 3 3 6 │ 6 6
 4 7 │ 2 9 6 1 │ 6 3
  ┼────────────────────────┼
 2 1 │ 1 3 0 2 │ 6 2
 9 1 │ 3 5 4 9 │ 3 9
 1 3 │ 0 4 6 8 │ 3 6
 4 9 │ 2 9 8 9 │ 6 1
  ┼────────────────────────┼
 3 1 │ 2 9 1 4 │ 9 4
 1 7 │ 1 1 3 9 │ 6 7

# Square 56  (outer=1515495278, inner=4359005926751)
TL=(9,6,4,9) TR=(7,6,6,1) BL=(8,1,1,7) BR=(9,4,6,9)
 9 6 │ 7 2 9 6 │ 7 6
 4 9 │ 2 9 8 9 │ 6 1
  ┼────────────────────────┼
 7 1 │ 5 1 1 2 │ 7 2
 6 1 │ 1 7 6 9 │ 2 9
 1 7 │ 1 6 6 6 │ 9 8
 4 3 │ 2 9 6 7 │ 6 9
  ┼────────────────────────┼
 8 1 │ 7 6 1 4 │ 9 4
 1 7 │ 1 1 7 3 │ 6 9

# Square 57  (outer=1586555963, inner=4511535626131)
TL=(9,6,6,1) TR=(8,9,7,6) BL=(8,7,9,6) BR=(4,8,8,7)
 9 6 │ 8 5 4 4 │ 8 9
 6 1 │ 4 6 3 6 │ 7 6
  ┼────────────────────────┼
 8 4 │ 4 0 3 2 │ 4 8
 5 6 │ 0 7 2 8 │ 1 3
 4 3 │ 3 2 2 5 │ 7 5
 4 6 │ 2 8 5 2 │ 6 2
  ┼────────────────────────┼
 8 7 │ 4 1 7 6 │ 4 8
 9 6 │ 8 3 5 2 │ 8 7

# Square 58  (outer=1587159053, inner=4513528235754)
TL=(9,6,6,1) TR=(9,7,3,2) BL=(9,3,7,2) BR=(1,2,2,3)
 9 6 │ 9 3 1 2 │ 9 7
 6 1 │ 1 9 5 2 │ 3 2
  ┼────────────────────────┼
 9 1 │ 1 0 0 1 │ 1 1
 3 9 │ 0 6 2 4 │ 1 6
 1 5 │ 0 2 2 5 │ 1 5
 2 2 │ 1 4 5 2 │ 6 6
  ┼────────────────────────┼
 9 3 │ 1 1 1 6 │ 1 2
 7 2 │ 1 6 5 6 │ 2 3

# Square 59  (outer=1592337015, inner=4528667883758)
TL=(9,6,6,2) TR=(7,9,5,2) BL=(7,5,9,2) BR=(1,5,5,1)
 9 6 │ 7 5 8 4 │ 7 9
 6 2 │ 3 2 2 4 │ 5 2
  ┼────────────────────────┼
 7 3 │ 1 0 2 2 │ 1 4
 5 2 │ 0 8 3 2 │ 1 6
 8 2 │ 2 3 7 8 │ 2 9
 4 4 │ 2 2 8 8 │ 5 2
  ┼────────────────────────┼
 7 5 │ 1 1 2 5 │ 1 5
 9 2 │ 4 6 9 2 │ 5 1

# Square 60  (outer=1593762949, inner=4532820204116)
TL=(9,6,6,2) TR=(9,6,1,8) BL=(9,1,6,8) BR=(4,6,6,6)
 9 6 │ 9 2 1 6 │ 9 6
 6 2 │ 1 1 1 6 │ 1 8
  ┼────────────────────────┼
 9 1 │ 4 0 0 4 │ 4 4
 2 1 │ 0 2 9 4 │ 1 4
 1 1 │ 0 9 6 8 │ 8 8
 6 6 │ 4 4 8 8 │ 6 8
  ┼────────────────────────┼
 9 1 │ 4 1 8 6 │ 4 6
 6 8 │ 4 4 8 8 │ 6 6

# Square 61  (outer=1612516770, inner=4587080161411)
TL=(9,6,6,5) TR=(9,6,4,1) BL=(9,4,6,1) BR=(1,4,4,8)
 9 6 │ 9 2 1 6 │ 9 6
 6 5 │ 2 6 6 5 │ 4 1
  ┼────────────────────────┼
 9 2 │ 1 1 0 4 │ 1 2
 2 6 │ 1 0 1 4 │ 3 9
 1 6 │ 0 1 9 2 │ 1 2
 6 5 │ 4 4 2 0 │ 6 8
  ┼────────────────────────┼
 9 4 │ 1 3 1 6 │ 1 4
 6 1 │ 2 9 2 8 │ 4 8

# Square 62  (outer=1613465905, inner=4589657005012)
TL=(9,6,6,6) TR=(2,9,2,2) BL=(2,2,9,2) BR=(6,1,1,7)
 9 6 │ 2 7 8 4 │ 2 9
 6 6 │ 1 4 5 2 │ 2 2
  ┼────────────────────────┼
 2 1 │ 0 2 3 1 │ 1 1
 7 4 │ 2 5 9 0 │ 3 5
 8 5 │ 3 9 1 0 │ 4 6
 4 2 │ 1 0 0 8 │ 2 4
  ┼────────────────────────┼
 2 2 │ 1 3 4 2 │ 6 1
 9 2 │ 1 5 6 4 │ 1 7

# Square 63  (outer=1634902530, inner=4660005519530)
TL=(9,6,6,8) TR=(9,3,9,3) BL=(9,9,3,3) BR=(7,3,3,5)
 9 6 │ 8 9 2 8 │ 9 3
 6 8 │ 6 3 2 4 │ 9 3
  ┼────────────────────────┼
 8 6 │ 6 1 0 6 │ 7 1
 9 3 │ 1 9 5 3 │ 2 1
 2 2 │ 0 5 5 0 │ 2 5
 8 4 │ 6 3 0 0 │ 7 5
  ┼────────────────────────┼
 9 9 │ 7 2 2 7 │ 7 3
 3 3 │ 1 1 5 5 │ 3 5

# Square 64  (outer=1641090139, inner=4682045152054)
TL=(9,6,6,9) TR=(7,8,3,9) BL=(7,3,8,9) BR=(2,9,9,3)
 9 6 │ 7 4 8 8 │ 7 8
 6 9 │ 2 6 9 1 │ 3 9
  ┼────────────────────────┼
 7 2 │ 2 0 1 6 │ 2 8
 4 6 │ 0 5 5 2 │ 1 2
 8 9 │ 1 5 1 3 │ 1 7
 8 1 │ 6 2 3 7 │ 7 7
  ┼────────────────────────┼
 7 3 │ 2 1 1 7 │ 2 9
 8 9 │ 8 2 7 7 │ 9 3

# Square 65  (outer=1641608403, inner=4683902610448)
TL=(9,6,6,9) TR=(8,2,7,6) BL=(8,7,2,6) BR=(7,9,9,6)
 9 6 │ 7 8 7 2 │ 8 2
 6 9 │ 5 2 4 4 │ 7 6
  ┼────────────────────────┼
 7 5 │ 4 6 5 0 │ 6 2
 8 2 │ 6 8 8 8 │ 8 4
 7 4 │ 5 8 4 6 │ 7 9
 2 4 │ 0 8 6 4 │ 3 6
  ┼────────────────────────┼
 8 7 │ 6 8 7 3 │ 7 9
 2 6 │ 2 4 9 6 │ 9 6

# Square 66  (outer=1649224205, inner=4712308398087)
TL=(9,6,7,1) TR=(7,9,9,2) BL=(4,7,7,7) BR=(9,7,6,1)
 9 6 │ 7 5 8 4 │ 7 9
 7 1 │ 6 5 3 2 │ 9 2
  ┼────────────────────────┼
 4 4 │ 3 3 4 4 │ 7 6
 5 6 │ 3 0 8 0 │ 5 5
 5 9 │ 4 8 9 7 │ 8 3
 9 7 │ 4 0 7 4 │ 4 2
  ┼────────────────────────┼
 4 7 │ 4 5 5 9 │ 9 7
 7 7 │ 4 6 9 7 │ 6 1

# Square 67  (outer=1758448052, inner=5073750731553)
TL=(9,6,8,7) TR=(8,1,1,6) BL=(3,7,7,1) BR=(9,8,6,7)
 9 6 │ 7 7 7 6 │ 8 1
 8 7 │ 1 3 9 2 │ 1 6
  ┼────────────────────────┼
 3 4 │ 2 4 1 4 │ 7 1
 6 7 │ 4 8 9 1 │ 7 3
 2 5 │ 1 9 7 5 │ 7 9
 6 7 │ 4 1 5 4 │ 6 2
  ┼────────────────────────┼
 3 7 │ 3 6 2 6 │ 9 8
 7 1 │ 4 7 5 7 │ 6 7

# Square 68  (outer=1811185702, inner=5253368258746)
TL=(9,6,9,5) TR=(9,2,2,5) BL=(5,8,8,1) BR=(9,9,6,5)
 9 6 │ 8 8 3 2 │ 9 2
 9 5 │ 2 3 7 5 │ 2 5
  ┼────────────────────────┼
 5 5 │ 4 5 1 0 │ 8 2
 7 2 │ 5 9 7 6 │ 8 3
 4 6 │ 1 7 0 2 │ 3 7
 2 5 │ 0 6 2 5 │ 2 5
  ┼────────────────────────┼
 5 8 │ 5 7 4 2 │ 9 9
 8 1 │ 5 2 6 5 │ 6 5

# Square 69  (outer=1824702298, inner=5302314151954)
TL=(9,6,9,7) TR=(7,8,8,5) BL=(5,5,5,1) BR=(9,9,6,7)
 9 6 │ 7 4 8 8 │ 7 8
 9 7 │ 8 2 4 5 │ 8 5
  ┼────────────────────────┼
 5 3 │ 4 1 3 4 │ 7 8
 4 4 │ 1 8 4 8 │ 4 2
 4 1 │ 3 4 4 4 │ 8 4
 5 7 │ 4 8 4 5 │ 8 5
  ┼────────────────────────┼
 5 5 │ 5 4 4 5 │ 9 9
 5 1 │ 3 4 1 7 │ 6 7

# Square 70  (outer=1857073797, inner=5425203657901)
TL=(9,7,1,7) TR=(7,9,9,4) BL=(7,2,2,4) BR=(9,1,7,7)
 9 7 │ 7 6 6 3 │ 7 9
 1 7 │ 1 5 9 8 │ 9 4
  ┼────────────────────────┼
 6 1 │ 4 3 3 1 │ 7 1
 5 8 │ 3 7 7 0 │ 6 5
 5 4 │ 3 7 2 6 │ 6 9
 2 8 │ 1 0 6 4 │ 3 8
  ┼────────────────────────┼
 7 2 │ 6 5 5 2 │ 9 1
 2 4 │ 1 8 4 8 │ 7 7

# Square 71  (outer=1884115522, inner=5520818901316)
TL=(9,7,2,4) TR=(1,5,5,3) BL=(4,1,1,7) BR=(9,2,7,4)
 9 7 │ 1 4 5 5 │ 1 5
 2 4 │ 1 2 7 2 │ 5 3
  ┼────────────────────────┼
 3 1 │ 0 3 4 1 │ 1 1
 7 2 │ 3 0 2 4 │ 4 2
 7 5 │ 4 2 7 5 │ 5 7
 2 8 │ 1 4 5 6 │ 5 2
  ┼────────────────────────┼
 4 1 │ 3 7 7 2 │ 9 2
 1 7 │ 1 2 5 8 │ 7 4

# Square 72  (outer=1886480549, inner=5528235627109)
TL=(9,7,2,4) TR=(5,5,5,9) BL=(7,1,1,8) BR=(9,2,7,4)
 9 7 │ 5 3 3 5 │ 5 5
 2 4 │ 1 4 1 6 │ 5 9
  ┼────────────────────────┼
 6 1 │ 3 1 1 1 │ 5 1
 5 3 │ 1 8 0 2 │ 3 4
 3 3 │ 1 0 2 3 │ 3 1
 2 2 │ 1 2 3 2 │ 5 6
  ┼────────────────────────┼
 7 1 │ 6 5 3 2 │ 9 2
 1 8 │ 1 3 3 2 │ 7 4

# Square 73  (outer=1887703089, inner=5532069512884)
TL=(9,7,2,4) TR=(7,5,5,3) BL=(8,1,1,7) BR=(9,2,7,4)
 9 7 │ 7 2 7 5 │ 7 5
 2 4 │ 1 2 7 2 │ 5 3
  ┼────────────────────────┼
 7 1 │ 5 0 4 1 │ 7 1
 4 2 │ 0 9 2 4 │ 2 2
 5 5 │ 4 2 3 5 │ 7 7
 2 8 │ 1 4 5 6 │ 5 2
  ┼────────────────────────┼
 8 1 │ 7 4 5 2 │ 9 2
 1 7 │ 1 2 5 8 │ 7 4

# Square 74  (outer=1930155747, inner=5674097596659)
TL=(9,7,3,2) TR=(6,8,8,2) BL=(3,8,8,6) BR=(9,3,7,2)
 9 7 │ 6 5 9 6 │ 6 8
 3 2 │ 2 6 2 4 │ 8 2
  ┼────────────────────────┼
 3 6 │ 2 2 3 2 │ 6 2
 5 1 │ 2 8 5 6 │ 5 6
 3 9 │ 3 5 8 8 │ 9 2
 4 2 │ 2 6 8 8 │ 6 4
  ┼────────────────────────┼
 3 8 │ 3 5 3 4 │ 9 3
 8 6 │ 6 1 9 2 │ 7 2

# Square 75  (outer=1932722872, inner=5682992683700)
TL=(9,7,3,2) TR=(9,6,6,1) BL=(1,2,2,3) BR=(9,3,7,2)
 9 7 │ 9 3 1 2 │ 9 6
 3 2 │ 1 9 5 2 │ 6 1
  ┼────────────────────────┼
 1 1 │ 1 0 0 1 │ 9 1
 1 6 │ 0 6 2 4 │ 3 9
 1 5 │ 0 2 2 5 │ 1 5
 6 6 │ 1 4 5 2 │ 2 2
  ┼────────────────────────┼
 1 2 │ 1 1 1 6 │ 9 3
 2 3 │ 1 6 5 6 │ 7 2

# Square 76  (outer=1982890089, inner=5865823596544)
TL=(9,7,4,1) TR=(2,6,6,9) BL=(5,8,8,1) BR=(9,4,7,1)
 9 7 │ 2 5 2 2 │ 2 6
 4 1 │ 2 8 2 9 │ 6 9
  ┼────────────────────────┼
 5 5 │ 1 2 1 0 │ 2 2
 4 7 │ 2 7 2 6 │ 5 8
 5 5 │ 1 2 1 0 │ 2 2
 2 1 │ 0 6 0 9 │ 2 9
  ┼────────────────────────┼
 5 8 │ 5 4 5 2 │ 9 4
 8 1 │ 5 7 5 1 │ 7 1

# Square 77  (outer=1994479781, inner=5904575523003)
TL=(9,7,4,2) TR=(7,2,2,8) BL=(7,4,4,4) BR=(9,4,7,2)
 9 7 │ 6 9 8 4 │ 7 2
 4 2 │ 1 1 7 6 │ 2 8
  ┼────────────────────────┼
 6 3 │ 3 8 4 3 │ 6 1
 9 1 │ 8 2 8 1 │ 9 1
 5 6 │ 4 8 7 2 │ 8 7
 6 8 │ 3 1 2 8 │ 4 6
  ┼────────────────────────┼
 7 4 │ 6 9 5 6 │ 9 4
 4 4 │ 3 1 6 8 │ 7 2

# Square 78  (outer=2124982315, inner=6242744977942)
TL=(9,7,6,1) TR=(4,7,7,7) BL=(7,9,9,2) BR=(9,6,7,1)
 9 7 │ 4 5 5 9 │ 4 7
 6 1 │ 4 6 9 7 │ 7 7
  ┼────────────────────────┼
 7 6 │ 3 3 4 4 │ 4 4
 5 5 │ 3 0 8 0 │ 5 6
 8 3 │ 4 8 9 7 │ 5 9
 4 2 │ 4 0 7 4 │ 9 7
  ┼────────────────────────┼
 7 9 │ 7 5 8 4 │ 9 6
 9 2 │ 6 5 3 2 │ 7 1

# Square 79  (outer=2207302372, inner=6516620480218)
TL=(9,7,7,2) TR=(3,8,8,7) BL=(3,8,8,7) BR=(4,3,3,3)
 9 7 │ 3 6 8 6 │ 3 8
 7 2 │ 6 2 6 4 │ 8 7
  ┼────────────────────────┼
 3 6 │ 0 4 3 2 │ 1 2
 6 2 │ 4 2 1 6 │ 6 8
 8 6 │ 3 1 8 2 │ 3 7
 6 4 │ 2 6 2 4 │ 4 1
  ┼────────────────────────┼
 3 8 │ 1 6 3 4 │ 4 3
 8 7 │ 2 8 7 1 │ 3 3

# Square 80  (outer=2216024077, inner=6548159891992)
TL=(9,7,7,3) TR=(3,8,8,8) BL=(3,8,8,8) BR=(4,3,3,4)
 9 7 │ 3 6 8 6 │ 3 8
 7 3 │ 6 4 2 4 │ 8 8
  ┼────────────────────────┼
 3 6 │ 0 4 3 2 │ 1 2
 6 4 │ 4 4 1 6 │ 6 9
 8 2 │ 3 1 9 8 │ 3 9
 6 4 │ 2 6 8 8 │ 4 2
  ┼────────────────────────┼
 3 8 │ 1 6 3 4 │ 4 3
 8 8 │ 2 9 9 2 │ 3 4

# Square 81  (outer=2222583584, inner=6573768209831)
TL=(9,7,7,3) TR=(9,5,1,7) BL=(9,1,5,7) BR=(4,8,8,2)
 9 7 │ 9 2 1 5 │ 9 5
 7 3 │ 1 2 4 1 │ 1 7
  ┼────────────────────────┼
 9 1 │ 4 0 0 4 │ 4 4
 2 2 │ 0 7 9 2 │ 3 6
 1 4 │ 0 9 3 8 │ 6 7
 5 1 │ 4 2 8 4 │ 8 4
  ┼────────────────────────┼
 9 1 │ 4 3 6 8 │ 4 8
 5 7 │ 4 6 7 4 │ 8 2

# Square 82  (outer=2229366239, inner=6598197551558)
TL=(9,7,7,4) TR=(7,8,8,6) BL=(7,8,8,6) BR=(2,8,8,6)
 9 7 │ 7 5 6 6 │ 7 8
 7 4 │ 6 3 6 4 │ 8 6
  ┼────────────────────────┼
 7 6 │ 2 0 5 2 │ 2 7
 5 3 │ 0 6 8 9 │ 1 3
 6 6 │ 5 8 7 4 │ 8 9
 6 4 │ 2 9 4 4 │ 4 6
  ┼────────────────────────┼
 7 8 │ 2 1 8 4 │ 2 8
 8 6 │ 7 3 9 6 │ 8 6

# Square 83  (outer=2230474262, inner=6602168706386)
TL=(9,7,7,4) TR=(8,7,9,1) BL=(8,9,7,1) BR=(1,6,6,5)
 9 7 │ 8 4 3 9 │ 8 7
 7 4 │ 6 7 3 4 │ 9 1
  ┼────────────────────────┼
 8 6 │ 1 2 0 4 │ 1 4
 4 7 │ 2 1 6 2 │ 4 6
 3 3 │ 0 6 9 3 │ 2 1
 9 4 │ 4 2 3 0 │ 4 5
  ┼────────────────────────┼
 8 9 │ 1 4 2 4 │ 1 6
 7 1 │ 4 6 1 5 │ 6 5

# Square 84  (outer=2247338475, inner=6657548154937)
TL=(9,7,7,7) TR=(2,7,3,2) BL=(2,3,7,2) BR=(6,6,6,3)
 9 7 │ 2 6 1 9 │ 2 7
 7 7 │ 2 4 6 4 │ 3 2
  ┼────────────────────────┼
 2 2 │ 0 3 0 8 │ 1 4
 6 4 │ 3 5 2 0 │ 5 5
 1 6 │ 0 2 0 8 │ 1 3
 9 4 │ 8 0 8 4 │ 8 6
  ┼────────────────────────┼
 2 3 │ 1 5 1 8 │ 6 6
 7 2 │ 4 5 3 6 │ 6 3

# Square 85  (outer=2263533717, inner=6720452573390)
TL=(9,7,7,8) TR=(8,8,9,8) BL=(8,9,8,8) BR=(3,7,7,4)
 9 7 │ 8 5 3 6 │ 8 8
 7 8 │ 7 6 4 4 │ 9 8
  ┼────────────────────────┼
 8 7 │ 3 1 3 2 │ 3 6
 5 6 │ 1 4 0 0 │ 2 5
 3 4 │ 3 0 9 4 │ 9 1
 6 4 │ 2 0 4 8 │ 3 2
  ┼────────────────────────┼
 8 9 │ 3 2 9 3 │ 3 7
 8 8 │ 6 5 1 2 │ 7 4

# Square 86  (outer=2264799631, inner=6725149585775)
TL=(9,7,7,9) TR=(1,8,4,4) BL=(1,4,8,4) BR=(9,9,9,7)
 9 7 │ 1 7 4 6 │ 1 8
 7 9 │ 3 4 7 6 │ 4 4
  ┼────────────────────────┼
 1 3 │ 0 2 3 4 │ 1 8
 7 4 │ 2 2 9 4 │ 3 1
 4 7 │ 3 9 4 8 │ 8 4
 6 6 │ 4 4 8 8 │ 6 8
  ┼────────────────────────┼
 1 4 │ 1 3 8 6 │ 9 9
 8 4 │ 8 1 4 8 │ 9 7

# Square 87  (outer=2388699885, inner=7147148232453)
TL=(9,7,9,5) TR=(2,8,8,7) BL=(4,4,4,9) BR=(9,9,7,5)
 9 7 │ 2 7 1 6 │ 2 8
 9 5 │ 8 2 6 5 │ 8 7
  ┼────────────────────────┼
 4 3 │ 1 2 0 4 │ 2 8
 3 6 │ 2 5 9 2 │ 7 2
 5 7 │ 0 9 1 2 │ 1 6
 6 5 │ 4 2 2 5 │ 6 5
  ┼────────────────────────┼
 4 4 │ 4 3 5 6 │ 9 9
 4 9 │ 3 6 7 5 │ 7 5

# Square 88  (outer=2442645384, inner=7346712205006)
TL=(9,8,1,8) TR=(1,6,6,2) BL=(1,4,4,3) BR=(9,1,8,8)
 9 8 │ 1 5 6 8 │ 1 6
 1 8 │ 1 1 1 6 │ 6 2
  ┼────────────────────────┼
 1 3 │ 0 1 4 3 │ 1 1
 2 7 │ 1 3 7 7 │ 5 1
 7 8 │ 4 7 5 8 │ 6 1
 4 4 │ 3 7 8 4 │ 8 6
  ┼────────────────────────┼
 1 4 │ 1 2 7 4 │ 9 1
 4 3 │ 3 7 8 4 │ 8 8

# Square 89  (outer=2444769865, inner=7354598282102)
TL=(9,8,1,8) TR=(6,6,6,2) BL=(9,8,8,6) BR=(9,1,8,8)
 9 8 │ 6 4 6 8 │ 6 6
 1 8 │ 1 1 1 6 │ 6 2
  ┼────────────────────────┼
 8 7 │ 5 3 0 7 │ 6 1
 9 5 │ 3 8 9 5 │ 4 1
 1 6 │ 0 9 7 6 │ 6 1
 8 8 │ 7 5 6 8 │ 8 6
  ┼────────────────────────┼
 9 8 │ 8 9 1 8 │ 9 1
 8 6 │ 7 5 6 8 │ 8 8

# Square 90  (outer=2444781450, inner=7354641284353)
TL=(9,8,1,8) TR=(6,6,6,8) BL=(6,9,9,7) BR=(9,1,8,8)
 9 8 │ 6 4 6 8 │ 6 6
 1 8 │ 1 2 2 4 │ 6 8
  ┼────────────────────────┼
 6 8 │ 4 1 4 8 │ 6 1
 2 5 │ 1 0 5 0 │ 4 2
 7 3 │ 4 5 2 6 │ 6 2
 9 6 │ 8 0 6 4 │ 8 4
  ┼────────────────────────┼
 6 9 │ 6 2 7 9 │ 9 1
 9 7 │ 8 5 3 6 │ 8 8

# Square 91  (outer=2468642517, inner=7438693083506)
TL=(9,8,2,4) TR=(8,7,7,4) BL=(5,1,1,7) BR=(9,2,8,4)
 9 8 │ 8 5 2 6 │ 8 7
 2 4 │ 1 7 7 6 │ 7 4
  ┼────────────────────────┼
 4 1 │ 3 3 2 1 │ 8 1
 6 4 │ 3 6 4 8 │ 5 7
 9 2 │ 2 4 8 4 │ 2 7
 2 8 │ 1 8 4 8 │ 6 6
  ┼────────────────────────┼
 5 1 │ 4 6 9 2 │ 9 2
 1 7 │ 1 4 2 8 │ 8 4

# Square 92  (outer=2468654088, inner=7438730018137)
TL=(9,8,2,4) TR=(8,7,7,8) BL=(5,1,1,6) BR=(9,2,8,4)
 9 8 │ 8 5 2 6 │ 8 7
 2 4 │ 1 8 7 2 │ 7 8
  ┼────────────────────────┼
 4 1 │ 3 3 2 1 │ 8 1
 6 3 │ 3 6 5 4 │ 5 8
 9 4 │ 2 5 3 8 │ 2 7
 2 4 │ 1 4 8 8 │ 6 2
  ┼────────────────────────┼
 5 1 │ 4 6 9 2 │ 9 2
 1 6 │ 1 3 4 4 │ 8 4

# Square 93  (outer=2487755125, inner=7498422929652)
TL=(9,8,2,8) TR=(8,6,6,7) BL=(5,1,1,9) BR=(9,2,8,8)
 9 8 │ 8 4 2 8 │ 8 6
 2 8 │ 1 8 7 6 │ 6 7
  ┼────────────────────────┼
 4 1 │ 3 3 2 1 │ 8 1
 6 6 │ 3 1 6 8 │ 4 8
 9 7 │ 2 6 1 9 │ 2 7
 2 2 │ 1 8 9 2 │ 8 6
  ┼────────────────────────┼
 5 1 │ 4 6 9 2 │ 9 2
 1 9 │ 1 6 7 2 │ 8 8

# Square 94  (outer=2496516677, inner=7530466047473)
TL=(9,8,3,1) TR=(4,4,4,8) BL=(4,3,3,6) BR=(9,3,8,1)
 9 8 │ 4 3 1 2 │ 4 4
 3 1 │ 1 4 8 8 │ 4 8
  ┼────────────────────────┼
 3 2 │ 1 3 1 2 │ 4 1
 9 9 │ 3 3 6 6 │ 3 4
 9 1 │ 1 6 3 8 │ 1 8
 9 6 │ 2 6 8 8 │ 2 8
  ┼────────────────────────┼
 4 3 │ 3 9 9 9 │ 9 3
 3 6 │ 2 9 1 6 │ 8 1

# Square 95  (outer=2498454895, inner=7538280942369)
TL=(9,8,3,1) TR=(7,4,4,9) BL=(4,1,1,5) BR=(9,3,8,1)
 9 8 │ 7 2 5 2 │ 7 4
 3 1 │ 1 5 1 9 │ 4 9
  ┼────────────────────────┼
 3 1 │ 2 2 0 1 │ 7 1
 8 2 │ 2 0 5 0 │ 2 5
 1 1 │ 0 5 6 1 │ 5 1
 3 5 │ 1 0 1 5 │ 2 9
  ┼────────────────────────┼
 4 1 │ 3 8 1 3 │ 9 3
 1 5 │ 1 2 1 5 │ 8 1

# Square 96  (outer=2500207832, inner=7545348783473)
TL=(9,8,3,1) TR=(9,4,4,8) BL=(2,3,3,6) BR=(9,3,8,1)
 9 8 │ 9 2 1 2 │ 9 4
 3 1 │ 1 4 8 8 │ 4 8
  ┼────────────────────────┼
 2 2 │ 2 0 0 2 │ 9 1
 1 9 │ 0 4 5 6 │ 2 4
 3 1 │ 0 5 5 8 │ 1 8
 9 6 │ 2 6 8 8 │ 2 8
  ┼────────────────────────┼
 2 3 │ 2 1 3 9 │ 9 3
 3 6 │ 2 9 1 6 │ 8 1

# Square 97  (outer=2500513544, inner=7546476574920)
TL=(9,8,3,2) TR=(1,7,7,3) BL=(5,3,3,8) BR=(9,3,8,2)
 9 8 │ 1 6 6 6 │ 1 7
 3 2 │ 2 3 3 6 │ 7 3
  ┼────────────────────────┼
 4 3 │ 0 5 1 6 │ 1 2
 9 1 │ 5 7 3 3 │ 6 3
 2 1 │ 1 3 2 3 │ 6 3
 9 6 │ 6 3 3 6 │ 6 6
  ┼────────────────────────┼
 5 3 │ 4 9 2 9 │ 9 3
 3 8 │ 3 1 1 6 │ 8 2

# Square 98  (outer=2501472670, inner=7549860371446)
TL=(9,8,3,2) TR=(3,4,4,8) BL=(5,3,3,4) BR=(9,3,8,2)
 9 8 │ 3 3 3 2 │ 3 4
 3 2 │ 1 5 3 6 │ 4 8
  ┼────────────────────────┼
 4 2 │ 1 3 0 2 │ 3 1
 9 7 │ 3 3 9 5 │ 3 5
 2 8 │ 0 9 2 4 │ 3 3
 9 8 │ 2 5 4 8 │ 2 6
  ┼────────────────────────┼
 5 3 │ 4 9 2 9 │ 9 3
 3 4 │ 2 7 8 8 │ 8 2

# Square 99  (outer=2517299302, inner=7608177968344)
TL=(9,8,3,4) TR=(8,8,8,2) BL=(4,3,3,4) BR=(9,3,8,4)
 9 8 │ 8 6 2 4 │ 8 8
 3 4 │ 2 7 8 8 │ 8 2
  ┼────────────────────────┼
 3 2 │ 2 6 2 4 │ 8 2
 9 8 │ 6 5 6 6 │ 6 7
 9 5 │ 2 6 6 0 │ 2 8
 9 6 │ 4 6 0 8 │ 4 8
  ┼────────────────────────┼
 4 3 │ 3 9 9 9 │ 9 3
 3 4 │ 2 8 5 6 │ 8 4

# Square 100  (outer=2534065956, inner=7666489864976)
TL=(9,8,3,7) TR=(8,9,9,5) BL=(1,8,8,3) BR=(9,3,8,7)
 9 8 │ 8 7 2 2 │ 8 9
 3 7 │ 3 5 1 5 │ 9 5
  ┼────────────────────────┼
 1 7 │ 1 4 1 1 │ 8 3
 6 2 │ 4 6 5 0 │ 7 5
 7 2 │ 1 5 1 2 │ 2 1
 4 1 │ 1 0 2 5 │ 2 5
  ┼────────────────────────┼
 1 8 │ 1 6 7 4 │ 9 3
 8 3 │ 7 2 2 1 │ 8 7

# Square 101  (outer=2534318665, inner=7667524708490)
TL=(9,8,3,7) TR=(9,4,4,9) BL=(2,3,3,4) BR=(9,3,8,7)
 9 8 │ 9 2 1 2 │ 9 4
 3 7 │ 1 8 1 3 │ 4 9
  ┼────────────────────────┼
 2 2 │ 2 0 0 2 │ 9 1
 1 9 │ 0 5 3 2 │ 2 8
 3 5 │ 0 3 8 5 │ 1 1
 9 8 │ 2 2 5 4 │ 2 3
  ┼────────────────────────┼
 2 3 │ 2 1 3 9 │ 9 3
 3 4 │ 2 9 5 8 │ 8 7

# Square 102  (outer=2568739531, inner=7791683030178)
TL=(9,8,4,4) TR=(3,4,4,3) BL=(8,1,1,9) BR=(9,4,8,4)
 9 8 │ 3 3 3 2 │ 3 4
 4 4 │ 1 8 9 2 │ 4 3
  ┼────────────────────────┼
 7 1 │ 2 2 0 1 │ 3 1
 6 5 │ 2 4 7 0 │ 3 8
 1 9 │ 0 7 4 1 │ 3 9
 4 6 │ 1 0 1 2 │ 2 2
  ┼────────────────────────┼
 8 1 │ 7 6 1 4 │ 9 4
 1 9 │ 1 5 9 6 │ 8 4

# Square 103  (outer=2707368488, inner=8168137663406)
TL=(9,8,6,7) TR=(3,7,7,1) BL=(8,1,1,6) BR=(9,6,8,7)
 9 8 │ 3 6 2 6 │ 3 7
 6 7 │ 4 7 5 7 │ 7 1
  ┼────────────────────────┼
 7 1 │ 2 4 1 4 │ 3 4
 7 3 │ 4 8 9 1 │ 6 7
 7 9 │ 1 9 7 5 │ 2 5
 6 2 │ 4 1 5 4 │ 6 7
  ┼────────────────────────┼
 8 1 │ 7 7 7 6 │ 9 6
 1 6 │ 1 3 9 2 │ 8 7

# Square 104  (outer=2800151082, inner=8508971496344)
TL=(9,8,8,1) TR=(7,4,2,4) BL=(7,2,4,4) BR=(5,3,3,8)
 9 8 │ 7 2 5 2 │ 7 4
 8 1 │ 1 9 4 4 │ 2 4
  ┼────────────────────────┼
 7 1 │ 2 2 0 1 │ 3 1
 2 9 │ 2 4 9 4 │ 8 6
 5 4 │ 0 9 1 8 │ 1 7
 2 4 │ 1 4 8 8 │ 6 2
  ┼────────────────────────┼
 7 2 │ 3 8 1 6 │ 5 3
 4 4 │ 1 6 7 2 │ 3 8

# Square 105  (outer=2805706270, inner=8527238349191)
TL=(9,8,8,2) TR=(5,6,4,8) BL=(5,4,6,8) BR=(4,1,1,7)
 9 8 │ 5 4 8 8 │ 5 6
 8 2 │ 3 9 3 6 │ 4 8
  ┼────────────────────────┼
 5 3 │ 1 1 1 3 │ 2 1
 4 9 │ 1 0 2 9 │ 2 1
 8 3 │ 1 2 4 5 │ 1 5
 8 6 │ 3 9 5 6 │ 4 6
  ┼────────────────────────┼
 5 4 │ 2 2 1 4 │ 4 1
 6 8 │ 1 1 5 6 │ 1 7

# Square 106  (outer=2805807090, inner=8527548874825)
TL=(9,8,8,2) TR=(5,7,1,6) BL=(5,1,7,6) BR=(4,5,5,1)
 9 8 │ 5 5 8 6 │ 5 7
 8 2 │ 1 3 1 2 │ 1 6
  ┼────────────────────────┼
 5 1 │ 1 1 7 3 │ 2 3
 5 3 │ 1 4 8 4 │ 2 8
 8 1 │ 7 8 5 7 │ 9 7
 6 2 │ 3 4 7 2 │ 5 6
  ┼────────────────────────┼
 5 1 │ 2 2 9 5 │ 4 5
 7 6 │ 3 8 7 6 │ 5 1

# Square 107  (outer=2813325436, inner=8551783895273)
TL=(9,8,8,3) TR=(5,7,4,4) BL=(5,4,7,4) BR=(8,6,6,3)
 9 8 │ 5 5 8 6 │ 5 7
 8 3 │ 3 6 5 2 │ 4 4
  ┼────────────────────────┼
 5 3 │ 2 3 3 2 │ 4 4
 5 6 │ 3 6 9 6 │ 6 6
 8 5 │ 3 9 1 0 │ 4 6
 6 2 │ 2 6 0 4 │ 4 2
  ┼────────────────────────┼
 5 4 │ 4 6 4 4 │ 8 6
 7 4 │ 4 6 6 2 │ 6 3

# Square 108  (outer=2816908123, inner=8564000859277)
TL=(9,8,8,3) TR=(8,7,8,7) BL=(8,8,7,7) BR=(2,4,4,2)
 9 8 │ 8 5 2 6 │ 8 7
 8 3 │ 7 2 2 1 │ 8 7
  ┼────────────────────────┼
 8 7 │ 2 0 0 1 │ 2 3
 5 2 │ 0 6 2 4 │ 1 2
 2 2 │ 0 2 8 6 │ 1 3
 6 1 │ 1 4 6 4 │ 2 4
  ┼────────────────────────┼
 8 8 │ 2 1 1 2 │ 2 4
 7 7 │ 3 2 3 4 │ 4 2

# Square 109  (outer=2818048037, inner=8567803116685)
TL=(9,8,8,4) TR=(1,8,8,9) BL=(1,8,8,9) BR=(7,4,4,3)
 9 8 │ 1 7 6 4 │ 1 8
 8 4 │ 7 4 7 6 │ 8 9
  ┼────────────────────────┼
 1 7 │ 0 2 2 1 │ 1 3
 7 4 │ 2 8 1 2 │ 3 8
 6 7 │ 2 1 4 4 │ 3 2
 4 6 │ 1 2 4 2 │ 2 7
  ┼────────────────────────┼
 1 8 │ 1 3 3 2 │ 7 4
 8 9 │ 3 8 2 7 │ 4 3

# Square 110  (outer=2819103253, inner=8571111219393)
TL=(9,8,8,4) TR=(3,3,5,4) BL=(3,5,3,4) BR=(9,9,9,4)
 9 8 │ 3 2 3 4 │ 3 3
 8 4 │ 4 5 3 6 │ 5 4
  ┼────────────────────────┼
 3 4 │ 1 1 2 2 │ 3 3
 2 5 │ 1 0 2 5 │ 4 1
 3 3 │ 2 2 7 7 │ 6 9
 4 6 │ 2 5 7 6 │ 5 6
  ┼────────────────────────┼
 3 5 │ 3 4 6 5 │ 9 9
 3 4 │ 3 1 9 6 │ 9 4

# Square 111  (outer=2832969159, inner=8609247943189)
TL=(9,8,8,6) TR=(5,8,2,2) BL=(5,2,8,2) BR=(4,4,4,1)
 9 8 │ 5 6 8 4 │ 5 8
 8 6 │ 1 8 9 2 │ 2 2
  ┼────────────────────────┼
 5 1 │ 1 1 7 3 │ 2 3
 6 8 │ 1 5 6 4 │ 2 3
 8 9 │ 7 6 5 4 │ 8 6
 4 2 │ 3 4 4 4 │ 8 2
  ┼────────────────────────┼
 5 2 │ 2 2 8 8 │ 4 4
 8 2 │ 3 3 6 2 │ 4 1

# Square 112  (outer=2836828444, inner=8621346803018)
TL=(9,8,8,6) TR=(9,1,8,8) BL=(9,8,1,8) BR=(6,6,6,2)
 9 8 │ 8 9 1 8 │ 9 1
 8 6 │ 7 5 6 8 │ 8 8
  ┼────────────────────────┼
 8 7 │ 5 3 0 7 │ 6 1
 9 5 │ 3 8 9 5 │ 4 1
 1 6 │ 0 9 7 6 │ 6 1
 8 8 │ 7 5 6 8 │ 8 6
  ┼────────────────────────┼
 9 8 │ 6 4 6 8 │ 6 6
 1 8 │ 1 1 1 6 │ 6 2

# Square 113  (outer=2843665347, inner=8645640515429)
TL=(9,8,8,7) TR=(8,1,5,7) BL=(8,5,1,7) BR=(7,7,7,2)
 9 8 │ 7 9 3 8 │ 8 1
 8 7 │ 4 9 5 9 │ 5 7
  ┼────────────────────────┼
 7 4 │ 4 5 1 4 │ 6 1
 9 9 │ 5 1 4 8 │ 5 2
 3 5 │ 1 4 7 0 │ 4 2
 8 9 │ 4 8 0 6 │ 5 4
  ┼────────────────────────┼
 8 5 │ 6 5 4 5 │ 7 7
 1 7 │ 1 2 2 4 │ 7 2

# Square 114  (outer=2848027088, inner=8660194204118)
TL=(9,8,8,8) TR=(5,3,1,7) BL=(5,1,3,7) BR=(9,8,8,9)
 9 8 │ 5 1 9 4 │ 5 3
 8 8 │ 1 4 9 6 │ 1 7
  ┼────────────────────────┼
 5 1 │ 2 1 9 3 │ 4 3
 1 4 │ 1 2 8 8 │ 9 2
 9 9 │ 9 8 0 1 │ 9 9
 4 6 │ 3 8 1 8 │ 8 3
  ┼────────────────────────┼
 5 1 │ 4 9 9 8 │ 9 8
 3 7 │ 3 2 9 3 │ 8 9

# Square 115  (outer=2850470494, inner=8667988670139)
TL=(9,8,8,8) TR=(7,4,3,2) BL=(7,3,4,2) BR=(5,3,3,2)
 9 8 │ 7 2 5 2 │ 7 4
 8 8 │ 2 8 1 6 │ 3 2
  ┼────────────────────────┼
 7 2 │ 2 2 3 2 │ 3 1
 2 8 │ 2 3 2 4 │ 8 3
 5 1 │ 3 2 6 4 │ 6 4
 2 6 │ 2 4 4 4 │ 9 4
  ┼────────────────────────┼
 7 3 │ 3 8 6 9 │ 5 3
 4 2 │ 1 3 4 4 │ 3 2

# Square 116  (outer=2850769049, inner=8668941060685)
TL=(9,8,8,8) TR=(7,6,8,9) BL=(7,8,6,9) BR=(1,9,9,5)
 9 8 │ 7 4 4 8 │ 7 6
 8 8 │ 7 8 3 2 │ 8 9
  ┼────────────────────────┼
 7 7 │ 1 2 3 2 │ 1 6
 4 8 │ 2 1 6 0 │ 4 5
 4 3 │ 3 6 5 5 │ 8 5
 8 2 │ 2 0 5 0 │ 2 5
  ┼────────────────────────┼
 7 8 │ 1 4 8 2 │ 1 9
 6 9 │ 6 5 5 5 │ 9 5

# Square 117  (outer=2855757246, inner=8685769989509)
TL=(9,8,8,9) TR=(5,1,3,7) BL=(5,3,1,7) BR=(9,8,8,8)
 9 8 │ 4 9 9 8 │ 5 1
 8 9 │ 3 2 9 3 │ 3 7
  ┼────────────────────────┼
 4 3 │ 2 1 9 3 │ 5 1
 9 2 │ 1 2 8 8 │ 1 4
 9 9 │ 9 8 0 1 │ 9 9
 8 3 │ 3 8 1 8 │ 4 6
  ┼────────────────────────┼
 5 3 │ 5 1 9 4 │ 9 8
 1 7 │ 1 4 9 6 │ 8 8

# Square 118  (outer=2859911825, inner=8700394109163)
TL=(9,8,8,9) TR=(8,6,8,9) BL=(8,8,6,9) BR=(2,4,4,6)
 9 8 │ 8 4 2 8 │ 8 6
 8 9 │ 7 9 2 1 │ 8 9
  ┼────────────────────────┼
 8 7 │ 2 0 0 1 │ 2 3
 4 9 │ 0 5 3 9 │ 1 1
 2 2 │ 0 3 7 4 │ 1 7
 8 1 │ 1 9 4 4 │ 2 4
  ┼────────────────────────┼
 8 8 │ 2 1 1 2 │ 2 4
 6 9 │ 3 1 7 4 │ 4 6

# Square 119  (outer=2865001710, inner=8720624472273)
TL=(9,8,9,1) TR=(6,3,3,6) BL=(6,5,5,3) BR=(9,9,8,1)
 9 8 │ 6 1 7 4 │ 6 3
 9 1 │ 3 2 7 6 │ 3 6
  ┼────────────────────────┼
 6 4 │ 4 0 3 2 │ 6 3
 4 2 │ 0 5 0 4 │ 1 2
 3 9 │ 3 0 0 3 │ 7 7
 5 3 │ 2 4 3 8 │ 4 6
  ┼────────────────────────┼
 6 5 │ 6 4 3 5 │ 9 9
 5 3 │ 4 2 9 3 │ 8 1

# Square 120  (outer=2870271709, inner=8741552464251)
TL=(9,8,9,2) TR=(3,3,3,6) BL=(6,5,5,9) BR=(9,9,8,2)
 9 8 │ 3 2 3 4 │ 3 3
 9 2 │ 3 3 1 2 │ 3 6
  ┼────────────────────────┼
 6 4 │ 2 1 1 2 │ 3 3
 4 8 │ 1 1 0 4 │ 2 3
 3 3 │ 1 0 2 3 │ 3 1
 5 8 │ 2 4 3 6 │ 4 2
  ┼────────────────────────┼
 6 5 │ 6 4 3 5 │ 9 9
 5 9 │ 4 8 3 8 │ 8 2

# Square 121  (outer=2900081625, inner=8846231966281)
TL=(9,8,9,6) TR=(6,6,6,9) BL=(3,2,2,2) BR=(9,9,8,6)
 9 8 │ 6 4 6 8 │ 6 6
 9 6 │ 6 6 2 4 │ 6 9
  ┼────────────────────────┼
 3 1 │ 2 0 4 6 │ 6 6
 1 8 │ 0 8 2 8 │ 4 6
 6 9 │ 4 2 7 8 │ 6 2
 8 2 │ 6 8 8 8 │ 8 4
  ┼────────────────────────┼
 3 2 │ 3 1 6 8 │ 9 9
 2 2 │ 1 8 9 2 │ 8 6

# Square 122  (outer=2904614553, inner=8863414553876)
TL=(9,8,9,7) TR=(3,2,2,9) BL=(3,3,3,3) BR=(9,9,8,7)
 9 8 │ 3 1 3 6 │ 3 2
 9 7 │ 2 8 1 3 │ 2 9
  ┼────────────────────────┼
 3 2 │ 1 0 2 4 │ 3 2
 2 8 │ 0 5 0 4 │ 1 8
 6 7 │ 2 0 7 7 │ 3 1
 7 1 │ 4 4 7 3 │ 6 3
  ┼────────────────────────┼
 3 3 │ 3 2 6 7 │ 9 9
 3 3 │ 2 8 7 1 │ 8 7

# Square 123  (outer=2956281918, inner=9060801283125)
TL=(9,9,2,1) TR=(5,5,5,3) BL=(9,1,1,4) BR=(9,2,9,1)
 9 9 │ 5 4 4 5 │ 5 5
 2 1 │ 1 1 1 3 │ 5 3
  ┼────────────────────────┼
 8 1 │ 4 1 3 1 │ 5 1
 3 2 │ 1 3 1 2 │ 4 1
 7 7 │ 3 1 5 7 │ 4 1
 2 4 │ 1 2 7 2 │ 5 3
  ┼────────────────────────┼
 9 1 │ 8 3 7 2 │ 9 2
 1 4 │ 1 2 7 4 │ 9 1

# Square 124  (outer=2970254003, inner=9108154451610)
TL=(9,9,2,4) TR=(1,5,5,1) BL=(4,2,2,8) BR=(9,2,9,4)
 9 9 │ 1 4 8 5 │ 1 5
 2 4 │ 1 2 2 4 │ 5 1
  ┼────────────────────────┼
 3 2 │ 0 3 5 2 │ 1 1
 8 6 │ 3 6 1 2 │ 4 2
 6 3 │ 5 1 6 6 │ 8 2
 4 2 │ 2 2 6 8 │ 5 4
  ┼────────────────────────┼
 4 2 │ 3 8 6 4 │ 9 2
 2 8 │ 2 6 3 2 │ 9 4

# Square 125  (outer=2977704059, inner=9129716998168)
TL=(9,9,2,5) TR=(5,4,4,5) BL=(7,1,1,7) BR=(9,2,9,5)
 9 9 │ 5 3 4 6 │ 5 4
 2 5 │ 1 1 2 5 │ 4 5
  ┼────────────────────────┼
 6 1 │ 3 1 1 1 │ 5 1
 5 6 │ 1 7 3 6 │ 3 1
 3 1 │ 1 3 0 2 │ 4 2
 2 5 │ 1 6 2 5 │ 6 5
  ┼────────────────────────┼
 7 1 │ 6 5 3 2 │ 9 2
 1 7 │ 1 6 1 5 │ 9 5

# Square 126  (outer=3026058292, inner=9297972669790)
TL=(9,9,3,3) TR=(7,3,3,5) BL=(9,6,6,8) BR=(9,3,9,3)
 9 9 │ 7 2 2 7 │ 7 3
 3 3 │ 1 1 5 5 │ 3 5
  ┼────────────────────────┼
 8 6 │ 6 1 0 6 │ 7 1
 9 3 │ 1 9 5 3 │ 2 1
 2 2 │ 0 5 5 0 │ 2 5
 8 4 │ 6 3 0 0 │ 7 5
  ┼────────────────────────┼
 9 6 │ 8 9 2 8 │ 9 3
 6 8 │ 6 3 2 4 │ 9 3

# Square 127  (outer=3073237068, inner=9467736490603)
TL=(9,9,4,1) TR=(2,4,4,6) BL=(7,4,4,8) BR=(9,4,9,1)
 9 9 │ 2 3 7 6 │ 2 4
 4 1 │ 1 8 8 6 │ 4 6
  ┼────────────────────────┼
 6 4 │ 1 3 4 4 │ 2 1
 9 3 │ 3 5 3 4 │ 3 8
 5 6 │ 4 3 6 8 │ 7 8
 6 8 │ 4 4 8 8 │ 6 6
  ┼────────────────────────┼
 7 4 │ 6 9 5 6 │ 9 4
 4 8 │ 4 3 6 8 │ 9 1

# Square 128  (outer=3256589056, inner=9977240684790)
TL=(9,9,6,5) TR=(5,8,8,1) BL=(9,2,2,5) BR=(9,6,9,5)
 9 9 │ 5 7 4 2 │ 5 8
 6 5 │ 5 2 6 5 │ 8 1
  ┼────────────────────────┼
 8 2 │ 4 5 1 0 │ 5 5
 8 3 │ 5 9 7 6 │ 7 2
 3 7 │ 1 7 0 2 │ 4 6
 2 5 │ 0 6 2 5 │ 2 5
  ┼────────────────────────┼
 9 2 │ 8 8 3 2 │ 9 6
 2 5 │ 2 3 7 5 │ 9 5

# Square 129  (outer=3271776760, inner=10024121521107)
TL=(9,9,6,7) TR=(5,5,5,1) BL=(7,8,8,5) BR=(9,6,9,7)
 9 9 │ 5 4 4 5 │ 5 5
 6 7 │ 3 4 1 7 │ 5 1
  ┼────────────────────────┼
 7 8 │ 4 1 3 4 │ 5 3
 4 2 │ 1 8 4 8 │ 4 4
 8 4 │ 3 4 4 4 │ 4 1
 8 5 │ 4 8 4 5 │ 5 7
  ┼────────────────────────┼
 7 8 │ 7 4 8 8 │ 9 6
 8 5 │ 8 2 4 5 │ 9 7

# Square 130  (outer=3335317397, inner=10254263783285)
TL=(9,9,7,5) TR=(4,4,4,9) BL=(2,8,8,7) BR=(9,7,9,5)
 9 9 │ 4 3 5 6 │ 4 4
 7 5 │ 3 6 7 5 │ 4 9
  ┼────────────────────────┼
 2 8 │ 1 2 0 4 │ 4 3
 7 2 │ 2 5 9 2 │ 3 6
 1 6 │ 0 9 1 2 │ 5 7
 6 5 │ 4 2 2 5 │ 6 5
  ┼────────────────────────┼
 2 8 │ 2 7 1 6 │ 9 7
 8 7 │ 8 2 6 5 │ 9 5

# Square 131  (outer=3383427116, inner=10430191618174)
TL=(9,9,8,1) TR=(6,5,5,3) BL=(6,3,3,6) BR=(9,8,9,1)
 9 9 │ 6 4 3 5 │ 6 5
 8 1 │ 4 2 9 3 │ 5 3
  ┼────────────────────────┼
 6 3 │ 4 0 3 2 │ 6 4
 1 2 │ 0 5 0 4 │ 4 2
 7 7 │ 3 0 0 3 │ 3 9
 4 6 │ 2 4 3 8 │ 5 3
  ┼────────────────────────┼
 6 3 │ 6 1 7 4 │ 9 8
 3 6 │ 3 2 7 6 │ 9 1

# Square 132  (outer=3392742458, inner=10460600651004)
TL=(9,9,8,2) TR=(6,5,5,9) BL=(3,3,3,6) BR=(9,8,9,2)
 9 9 │ 6 4 3 5 │ 6 5
 8 2 │ 4 8 3 8 │ 5 9
  ┼────────────────────────┼
 3 3 │ 2 1 1 2 │ 6 4
 2 3 │ 1 1 0 4 │ 4 8
 3 1 │ 1 0 2 3 │ 3 3
 4 2 │ 2 4 3 6 │ 5 8
  ┼────────────────────────┼
 3 3 │ 3 2 3 4 │ 9 8
 3 6 │ 3 3 1 2 │ 9 2

# Square 133  (outer=3421815039, inner=10548031699530)
TL=(9,9,8,6) TR=(3,2,2,2) BL=(6,6,6,9) BR=(9,8,9,6)
 9 9 │ 3 1 6 8 │ 3 2
 8 6 │ 1 8 9 2 │ 2 2
  ┼────────────────────────┼
 6 6 │ 2 0 4 6 │ 3 1
 4 6 │ 0 8 2 8 │ 1 8
 6 2 │ 4 2 7 8 │ 6 9
 8 4 │ 6 8 8 8 │ 8 2
  ┼────────────────────────┼
 6 6 │ 6 4 6 8 │ 9 8
 6 9 │ 6 6 2 4 │ 9 6

# Square 134  (outer=3431349636, inner=10578124016140)
TL=(9,9,8,7) TR=(3,3,3,3) BL=(3,2,2,9) BR=(9,8,9,7)
 9 9 │ 3 2 6 7 │ 3 3
 8 7 │ 2 8 7 1 │ 3 3
  ┼────────────────────────┼
 3 2 │ 1 0 2 4 │ 3 2
 1 8 │ 0 5 0 4 │ 2 8
 3 1 │ 2 0 7 7 │ 6 7
 6 3 │ 4 4 7 3 │ 7 1
  ┼────────────────────────┼
 3 2 │ 3 1 3 6 │ 9 8
 2 9 │ 2 8 1 3 │ 9 7

# Square 135  (outer=3469649873, inner=10714016359540)
TL=(9,9,9,2) TR=(2,5,1,6) BL=(2,1,5,6) BR=(7,6,6,6)
 9 9 │ 2 4 7 5 │ 2 5
 9 2 │ 1 4 7 2 │ 1 6
  ┼────────────────────────┼
 2 1 │ 0 2 7 3 │ 1 3
 4 4 │ 2 4 6 4 │ 5 6
 7 7 │ 7 6 2 3 │ 9 9
 5 2 │ 3 4 3 2 │ 6 6
  ┼────────────────────────┼
 2 1 │ 1 5 9 6 │ 7 6
 5 6 │ 3 6 9 6 │ 6 6

# Square 136  (outer=3473128898, inner=10726485186542)
TL=(9,9,9,2) TR=(5,6,1,8) BL=(5,1,6,8) BR=(4,4,4,1)
 9 9 │ 5 5 4 4 │ 5 6
 9 2 │ 1 6 5 6 │ 1 8
  ┼────────────────────────┼
 5 1 │ 1 1 2 2 │ 2 2
 5 6 │ 1 5 1 2 │ 2 7
 4 5 │ 2 1 6 0 │ 4 8
 4 6 │ 2 2 0 8 │ 4 8
  ┼────────────────────────┼
 5 1 │ 2 2 4 4 │ 4 4
 6 8 │ 2 7 8 8 │ 4 1

# Square 137  (outer=3475108090, inner=10733578611332)
TL=(9,9,9,2) TR=(6,9,9,1) BL=(6,9,9,1) BR=(9,5,5,8)
 9 9 │ 6 8 3 1 │ 6 9
 9 2 │ 8 3 7 2 │ 9 1
  ┼────────────────────────┼
 6 8 │ 4 4 2 0 │ 6 5
 8 3 │ 4 3 1 6 │ 5 2
 3 7 │ 2 1 0 9 │ 5 7
 1 2 │ 0 6 9 6 │ 5 8
  ┼────────────────────────┼
 6 9 │ 6 5 5 5 │ 9 5
 9 1 │ 5 2 7 8 │ 5 8

# Square 138  (outer=3488397591, inner=10785640734338)
TL=(9,9,9,4) TR=(2,5,1,9) BL=(2,1,5,9) BR=(7,6,6,5)
 9 9 │ 2 4 7 5 │ 2 5
 9 4 │ 1 7 8 6 │ 1 9
  ┼────────────────────────┼
 2 1 │ 0 2 7 3 │ 1 3
 4 7 │ 2 7 2 6 │ 5 8
 7 8 │ 7 2 5 4 │ 9 3
 5 6 │ 3 6 4 0 │ 6 5
  ┼────────────────────────┼
 2 1 │ 1 5 9 6 │ 7 6
 5 9 │ 3 8 3 5 │ 6 5

# Square 139  (outer=3489421265, inner=10789375097555)
TL=(9,9,9,4) TR=(3,5,3,4) BL=(3,3,5,4) BR=(9,8,8,4)
 9 9 │ 3 4 6 5 │ 3 5
 9 4 │ 3 1 9 6 │ 3 4
  ┼────────────────────────┼
 3 3 │ 1 1 2 2 │ 3 4
 4 1 │ 1 0 2 5 │ 2 5
 6 9 │ 2 2 7 7 │ 3 3
 5 6 │ 2 5 7 6 │ 4 6
  ┼────────────────────────┼
 3 3 │ 3 2 3 4 │ 9 8
 5 4 │ 4 5 3 6 │ 8 4

# Square 140  (outer=3511498251, inner=10861674743167)
TL=(9,9,9,7) TR=(1,4,8,4) BL=(1,8,4,4) BR=(9,7,7,9)
 9 9 │ 1 3 8 6 │ 1 4
 9 7 │ 8 1 4 8 │ 8 4
  ┼────────────────────────┼
 1 8 │ 0 2 3 4 │ 1 3
 3 1 │ 2 2 9 4 │ 7 4
 8 4 │ 3 9 4 8 │ 4 7
 6 8 │ 4 4 8 8 │ 6 6
  ┼────────────────────────┼
 1 8 │ 1 7 4 6 │ 9 7
 4 4 │ 3 4 7 6 │ 7 9

# Square 141  (outer=3533862617, inner=10948210844435)
TL=(9,9,9,9) TR=(5,3,2,3) BL=(5,2,3,3) BR=(4,8,8,7)
 9 9 │ 5 2 4 7 │ 5 3
 9 9 │ 2 2 7 7 │ 2 3
  ┼────────────────────────┼
 5 2 │ 1 1 4 4 │ 2 2
 2 2 │ 1 0 5 6 │ 4 8
 4 7 │ 4 5 5 9 │ 9 7
 7 7 │ 4 6 9 7 │ 6 1
  ┼────────────────────────┼
 5 2 │ 2 4 9 6 │ 4 8
 3 3 │ 2 8 7 1 │ 8 7

# Square 142  (outer=3533913952, inner=10948421112616)
TL=(9,9,9,9) TR=(5,3,4,8) BL=(5,4,3,8) BR=(4,4,4,8)
 9 9 │ 5 2 4 7 │ 5 3
 9 9 │ 4 7 5 2 │ 4 8
  ┼────────────────────────┼
 5 4 │ 1 1 3 4 │ 2 1
 2 7 │ 1 0 2 6 │ 3 8
 4 5 │ 3 2 4 0 │ 7 2
 7 2 │ 4 6 0 8 │ 6 4
  ┼────────────────────────┼
 5 4 │ 2 3 7 6 │ 4 4
 3 8 │ 1 8 2 4 │ 4 8

# DONE: found=142  outer=3539455185  inner=10971118004937  time=183415s
