# Searching TL indices [3276, 3822)
# Square 1  (outer=5203854, inner=10818812439)
TL=(5,5,5,1) TR=(9,9,6,7) BL=(9,6,9,7) BR=(7,8,8,5)
 5 5 │ 5 4 4 5 │ 9 9
 5 1 │ 3 4 1 7 │ 6 7
  ┼────────────────────────┼
 5 3 │ 4 1 3 4 │ 7 8
 4 4 │ 1 8 4 8 │ 4 2
 4 1 │ 3 4 4 4 │ 8 4
 5 7 │ 4 8 4 5 │ 8 5
  ┼────────────────────────┼
 9 6 │ 7 4 8 8 │ 7 8
 9 7 │ 8 2 4 5 │ 8 5

# Square 2  (outer=13906506, inner=26469436798)
TL=(5,5,5,3) TR=(9,3,3,7) BL=(9,3,3,7) BR=(7,4,4,4)
 5 5 │ 5 1 1 5 │ 9 3
 5 3 │ 1 9 6 1 │ 3 7
  ┼────────────────────────┼
 5 1 │ 3 1 1 1 │ 6 1
 1 9 │ 1 6 3 4 │ 8 6
 1 6 │ 1 3 1 2 │ 8 2
 5 1 │ 1 4 2 8 │ 2 8
  ┼────────────────────────┼
 9 3 │ 6 8 8 2 │ 7 4
 3 7 │ 1 6 2 8 │ 4 4

# Square 3  (outer=14390093, inner=27395022477)
TL=(5,5,5,3) TR=(9,9,2,1) BL=(9,2,9,1) BR=(9,1,1,4)
 5 5 │ 5 4 4 5 │ 9 9
 5 3 │ 1 1 1 3 │ 2 1
  ┼────────────────────────┼
 5 1 │ 4 1 3 1 │ 8 1
 4 1 │ 1 3 1 2 │ 3 2
 4 1 │ 3 1 5 7 │ 7 7
 5 3 │ 1 2 7 2 │ 2 4
  ┼────────────────────────┼
 9 2 │ 8 3 7 2 │ 9 1
 9 1 │ 1 2 7 4 │ 1 4

# Square 4  (outer=16945435, inner=31895064855)
TL=(5,5,5,4) TR=(6,7,3,3) BL=(6,3,7,3) BR=(2,6,6,4)
 5 5 │ 3 6 8 5 │ 6 7
 5 4 │ 1 7 8 2 │ 3 3
  ┼────────────────────────┼
 3 1 │ 0 4 3 4 │ 1 4
 6 7 │ 4 4 2 2 │ 6 6
 8 8 │ 3 2 5 6 │ 3 7
 5 2 │ 4 2 6 4 │ 8 2
  ┼────────────────────────┼
 6 3 │ 1 6 3 8 │ 2 6
 7 3 │ 4 6 7 2 │ 6 4

# Square 5  (outer=18544204, inner=34691312364)
TL=(5,5,5,4) TR=(9,3,3,1) BL=(9,3,3,1) BR=(7,4,4,7)
 5 5 │ 5 1 1 5 │ 9 3
 5 4 │ 1 6 7 4 │ 3 1
  ┼────────────────────────┼
 5 1 │ 3 1 1 1 │ 6 1
 1 6 │ 1 3 4 4 │ 8 4
 1 7 │ 1 4 4 5 │ 8 5
 5 4 │ 1 4 5 8 │ 2 7
  ┼────────────────────────┼
 9 3 │ 6 8 8 2 │ 7 4
 3 1 │ 1 4 5 7 │ 4 7

# Square 6  (outer=19207472, inner=35842719912)
TL=(5,5,5,5) TR=(2,1,6,9) BL=(2,6,1,9) BR=(7,6,6,8)
 5 5 │ 1 1 5 5 │ 2 1
 5 5 │ 3 7 9 5 │ 6 9
  ┼────────────────────────┼
 1 3 │ 0 1 4 3 │ 1 1
 1 7 │ 1 5 6 4 │ 9 2
 5 9 │ 4 6 6 1 │ 7 9
 5 5 │ 3 4 1 0 │ 6 2
  ┼────────────────────────┼
 2 6 │ 1 9 7 6 │ 7 6
 1 9 │ 1 2 9 2 │ 6 8

# Square 7  (outer=38377869, inner=68766573992)
TL=(5,5,5,9) TR=(6,5,5,3) BL=(6,5,5,3) BR=(2,9,9,4)
 5 5 │ 3 5 7 5 │ 6 5
 5 9 │ 3 1 2 7 │ 5 3
  ┼────────────────────────┼
 3 3 │ 0 4 6 2 │ 1 4
 5 1 │ 4 5 3 9 │ 8 9
 7 2 │ 6 3 3 6 │ 8 8
 5 7 │ 2 9 6 4 │ 5 2
  ┼────────────────────────┼
 6 5 │ 1 8 8 5 │ 2 9
 5 3 │ 4 9 8 2 │ 9 4

# Square 8  (outer=40606288, inner=73178844371)
TL=(5,5,5,9) TR=(9,7,2,4) BL=(9,2,7,4) BR=(7,1,1,8)
 5 5 │ 5 3 3 5 │ 9 7
 5 9 │ 1 4 1 6 │ 2 4
  ┼────────────────────────┼
 5 1 │ 3 1 1 1 │ 6 1
 3 4 │ 1 8 0 2 │ 5 3
 3 1 │ 1 0 2 3 │ 3 3
 5 6 │ 1 2 3 2 │ 2 2
  ┼────────────────────────┼
 9 2 │ 6 5 3 2 │ 7 1
 7 4 │ 1 3 3 2 │ 1 8

# Square 9  (outer=174547080, inner=473198202331)
TL=(5,5,9,1) TR=(8,5,5,1) BL=(3,6,6,4) BR=(5,9,5,1)
 5 5 │ 4 6 7 5 │ 8 5
 9 1 │ 4 6 4 1 │ 5 1
  ┼────────────────────────┼
 2 3 │ 1 0 1 2 │ 4 4
 1 2 │ 0 7 9 2 │ 6 6
 2 6 │ 1 9 2 4 │ 7 4
 4 4 │ 2 2 4 4 │ 5 1
  ┼────────────────────────┼
 3 6 │ 2 1 2 4 │ 5 9
 6 4 │ 3 2 6 4 │ 5 1

# Square 10  (outer=225988658, inner=640488686540)
TL=(5,6,1,7) TR=(7,6,6,7) BL=(4,8,8,3) BR=(5,1,6,7)
 5 6 │ 4 2 5 6 │ 7 6
 1 7 │ 1 1 3 9 │ 6 7
  ┼────────────────────────┼
 2 5 │ 1 0 2 5 │ 4 1
 4 5 │ 0 9 4 5 │ 2 1
 4 6 │ 2 4 3 8 │ 5 3
 8 1 │ 5 5 8 9 │ 6 9
  ┼────────────────────────┼
 4 8 │ 2 4 4 8 │ 5 1
 8 3 │ 5 5 6 1 │ 6 7

# Square 11  (outer=231438189, inner=660978999296)
TL=(5,6,1,8) TR=(9,9,9,2) BL=(4,4,4,1) BR=(5,1,6,8)
 5 6 │ 5 5 4 4 │ 9 9
 1 8 │ 1 6 5 6 │ 9 2
  ┼────────────────────────┼
 2 2 │ 1 1 2 2 │ 5 1
 2 7 │ 1 5 1 2 │ 5 6
 4 8 │ 2 1 6 0 │ 4 5
 4 8 │ 2 2 0 8 │ 4 6
  ┼────────────────────────┼
 4 4 │ 2 2 4 4 │ 5 1
 4 1 │ 2 7 8 8 │ 6 8

# Square 12  (outer=381464859, inner=1119879882854)
TL=(5,6,4,8) TR=(9,8,8,2) BL=(4,1,1,7) BR=(5,4,6,8)
 5 6 │ 5 4 8 8 │ 9 8
 4 8 │ 3 9 3 6 │ 8 2
  ┼────────────────────────┼
 2 1 │ 1 1 1 3 │ 5 3
 2 1 │ 1 0 2 9 │ 4 9
 1 5 │ 1 2 4 5 │ 8 3
 4 6 │ 3 9 5 6 │ 8 6
  ┼────────────────────────┼
 4 1 │ 2 2 1 4 │ 5 4
 1 7 │ 1 1 5 6 │ 6 8

# Square 13  (outer=455192866, inner=1273307338193)
TL=(5,6,6,1) TR=(7,7,4,8) BL=(7,4,7,8) BR=(5,2,2,1)
 5 6 │ 4 3 1 2 │ 7 7
 6 1 │ 2 9 2 8 │ 4 8
  ┼────────────────────────┼
 4 2 │ 1 3 0 2 │ 3 1
 3 9 │ 3 3 5 4 │ 8 6
 1 2 │ 0 5 1 6 │ 4 3
 2 8 │ 2 4 6 4 │ 8 8
  ┼────────────────────────┼
 7 4 │ 3 8 4 8 │ 5 2
 7 8 │ 1 6 3 8 │ 2 1

# Square 14  (outer=457839803, inner=1281413704033)
TL=(5,6,6,2) TR=(2,2,1,8) BL=(2,1,2,8) BR=(7,5,5,2)
 5 6 │ 1 2 3 2 │ 2 2
 6 2 │ 1 1 1 6 │ 1 8
  ┼────────────────────────┼
 1 1 │ 0 1 2 1 │ 1 1
 2 1 │ 1 1 3 4 │ 5 4
 3 1 │ 2 3 2 5 │ 7 5
 2 6 │ 1 4 5 6 │ 5 6
  ┼────────────────────────┼
 2 1 │ 1 5 7 5 │ 7 5
 2 8 │ 1 4 5 6 │ 5 2

# Square 15  (outer=461832905, inner=1292211053580)
TL=(5,6,6,2) TR=(7,4,5,3) BL=(7,5,4,3) BR=(2,9,9,8)
 5 6 │ 4 1 4 4 │ 7 4
 6 2 │ 3 2 8 6 │ 5 3
  ┼────────────────────────┼
 4 3 │ 1 0 3 2 │ 2 4
 1 2 │ 0 1 4 4 │ 1 2
 4 8 │ 3 4 0 8 │ 7 1
 4 6 │ 2 4 8 4 │ 5 4
  ┼────────────────────────┼
 7 5 │ 2 1 7 5 │ 2 9
 4 3 │ 4 2 1 4 │ 9 8

# Square 16  (outer=482728142, inner=1348590427290)
TL=(5,6,6,5) TR=(9,6,4,1) BL=(9,4,6,1) BR=(2,4,4,9)
 5 6 │ 5 3 7 6 │ 9 6
 6 5 │ 2 6 6 5 │ 4 1
  ┼────────────────────────┼
 5 2 │ 1 1 4 4 │ 2 2
 3 6 │ 1 0 4 4 │ 2 9
 7 6 │ 4 4 0 8 │ 5 8
 6 5 │ 4 4 8 5 │ 6 9
  ┼────────────────────────┼
 9 4 │ 2 2 5 6 │ 2 4
 6 1 │ 2 9 8 9 │ 4 9

# Square 17  (outer=484433625, inner=1352821621055)
TL=(5,6,6,6) TR=(4,1,5,7) BL=(4,5,1,7) BR=(3,9,9,9)
 5 6 │ 2 2 9 6 │ 4 1
 6 6 │ 3 7 6 2 │ 5 7
  ┼────────────────────────┼
 2 3 │ 0 2 5 3 │ 1 1
 2 7 │ 2 0 5 2 │ 7 6
 9 6 │ 5 5 6 8 │ 5 8
 6 2 │ 3 2 8 6 │ 5 3
  ┼────────────────────────┼
 4 5 │ 1 7 5 5 │ 3 9
 1 7 │ 1 6 8 3 │ 9 9

# Square 18  (outer=484435422, inner=1352826480145)
TL=(5,6,6,6) TR=(4,1,5,9) BL=(4,5,1,9) BR=(3,9,9,3)
 5 6 │ 2 2 9 6 │ 4 1
 6 6 │ 3 8 9 4 │ 5 9
  ┼────────────────────────┼
 2 3 │ 0 2 5 3 │ 1 1
 2 8 │ 2 1 5 6 │ 7 7
 9 9 │ 5 5 4 4 │ 5 6
 6 4 │ 3 6 4 8 │ 5 7
  ┼────────────────────────┼
 4 5 │ 1 7 5 5 │ 3 9
 1 9 │ 1 7 6 7 │ 9 3

# Square 19  (outer=487065473, inner=1359938139114)
TL=(5,6,6,6) TR=(7,4,1,8) BL=(7,1,4,8) BR=(8,4,4,7)
 5 6 │ 4 1 4 4 │ 7 4
 6 6 │ 1 1 8 8 │ 1 8
  ┼────────────────────────┼
 4 1 │ 2 1 3 2 │ 5 2
 1 1 │ 1 0 1 2 │ 9 2
 4 8 │ 3 1 2 0 │ 6 5
 4 8 │ 2 2 0 8 │ 4 6
  ┼────────────────────────┼
 7 1 │ 5 9 6 4 │ 8 4
 4 8 │ 2 2 5 6 │ 4 7

# Square 20  (outer=572870304, inner=1630282066587)
TL=(5,6,7,9) TR=(3,2,2,5) BL=(4,1,1,9) BR=(5,7,6,9)
 5 6 │ 1 7 9 2 │ 3 2
 7 9 │ 1 9 7 5 │ 2 5
  ┼────────────────────────┼
 2 1 │ 0 2 3 1 │ 1 1
 3 3 │ 2 6 0 7 │ 7 9
 3 1 │ 3 0 0 7 │ 9 7
 7 1 │ 1 7 7 5 │ 2 5
  ┼────────────────────────┼
 4 1 │ 2 3 3 7 │ 5 7
 1 9 │ 1 3 1 1 │ 6 9

# Square 21  (outer=573494615, inner=1632559552667)
TL=(5,6,7,9) TR=(4,2,2,5) BL=(3,1,1,9) BR=(5,7,6,9)
 5 6 │ 2 3 5 2 │ 4 2
 7 9 │ 1 9 7 5 │ 2 5
  ┼────────────────────────┼
 1 1 │ 0 2 3 1 │ 2 1
 7 3 │ 2 8 4 7 │ 3 9
 6 1 │ 3 4 7 7 │ 5 7
 7 1 │ 1 7 7 5 │ 2 5
  ┼────────────────────────┼
 3 1 │ 1 7 6 7 │ 5 7
 1 9 │ 1 3 1 1 │ 6 9

# Square 22  (outer=598624765, inner=1712944500388)
TL=(5,6,8,3) TR=(6,2,2,4) BL=(8,1,1,9) BR=(5,8,6,3)
 5 6 │ 3 4 7 2 │ 6 2
 8 3 │ 1 9 9 2 │ 2 4
  ┼────────────────────────┼
 4 1 │ 1 2 7 1 │ 3 1
 6 1 │ 2 9 8 9 │ 4 9
 9 9 │ 7 8 2 1 │ 7 9
 8 7 │ 1 9 1 4 │ 2 2
  ┼────────────────────────┼
 8 1 │ 4 6 9 8 │ 5 8
 1 9 │ 1 1 9 7 │ 6 3

# Square 23  (outer=671721168, inner=1944141726049)
TL=(5,6,9,4) TR=(4,6,6,7) BL=(7,1,1,8) BR=(5,9,6,4)
 5 6 │ 2 5 7 6 │ 4 6
 9 4 │ 6 2 9 8 │ 6 7
  ┼────────────────────────┼
 4 1 │ 1 0 6 6 │ 2 6
 1 1 │ 0 5 7 2 │ 5 2
 8 5 │ 6 7 1 5 │ 7 9
 9 2 │ 6 2 5 6 │ 6 8
  ┼────────────────────────┼
 7 1 │ 4 1 8 9 │ 5 9
 1 8 │ 1 1 5 2 │ 6 4

# Square 24  (outer=679397560, inner=1966173313177)
TL=(5,6,9,5) TR=(6,2,2,5) BL=(5,8,8,1) BR=(5,9,6,5)
 5 6 │ 3 4 7 2 │ 6 2
 9 5 │ 2 3 7 5 │ 2 5
  ┼────────────────────────┼
 3 5 │ 1 1 2 0 │ 3 2
 4 2 │ 1 8 0 6 │ 4 3
 2 6 │ 2 0 0 2 │ 7 7
 2 5 │ 0 6 2 5 │ 2 5
  ┼────────────────────────┼
 5 8 │ 3 4 2 2 │ 5 9
 8 1 │ 5 2 6 5 │ 6 5

# Square 25  (outer=702596253, inner=2043411800981)
TL=(5,6,9,8) TR=(8,3,3,2) BL=(9,3,3,7) BR=(5,9,6,8)
 5 6 │ 4 6 4 8 │ 8 3
 9 8 │ 3 1 3 6 │ 3 2
  ┼────────────────────────┼
 5 2 │ 2 2 3 6 │ 4 3
 4 5 │ 2 7 4 5 │ 6 1
 8 1 │ 3 4 8 3 │ 4 3
 7 6 │ 6 5 3 6 │ 8 6
  ┼────────────────────────┼
 9 3 │ 5 4 8 7 │ 5 9
 3 7 │ 2 5 1 6 │ 6 8

# Square 26  (outer=705434664, inner=2053634215341)
TL=(5,6,9,9) TR=(3,2,2,5) BL=(2,1,1,9) BR=(5,9,6,9)
 5 6 │ 1 7 9 2 │ 3 2
 9 9 │ 2 4 7 5 │ 2 5
  ┼────────────────────────┼
 1 1 │ 0 1 3 2 │ 1 2
 2 3 │ 1 7 0 2 │ 7 4
 3 1 │ 3 0 0 7 │ 9 7
 9 1 │ 2 2 7 5 │ 2 5
  ┼────────────────────────┼
 2 1 │ 1 2 3 9 │ 5 9
 1 9 │ 1 3 1 1 │ 6 9

# Square 27  (outer=722770798, inner=2115751169815)
TL=(5,7,1,6) TR=(9,8,8,2) BL=(4,5,5,1) BR=(5,1,7,6)
 5 7 │ 5 5 8 6 │ 9 8
 1 6 │ 1 3 1 2 │ 8 2
  ┼────────────────────────┼
 2 3 │ 1 1 7 3 │ 5 1
 2 8 │ 1 4 8 4 │ 5 3
 9 7 │ 7 8 5 7 │ 8 1
 5 6 │ 3 4 7 2 │ 6 2
  ┼────────────────────────┼
 4 5 │ 2 2 9 5 │ 5 1
 5 1 │ 3 8 7 6 │ 7 6

# Square 28  (outer=743600615, inner=2190438475172)
TL=(5,7,2,2) TR=(5,9,9,8) BL=(6,9,9,6) BR=(5,2,7,2)
 5 7 │ 3 3 6 3 │ 5 9
 2 2 │ 2 1 5 6 │ 9 8
  ┼────────────────────────┼
 3 6 │ 1 1 5 2 │ 3 2
 5 9 │ 1 8 2 9 │ 3 1
 8 1 │ 5 2 6 5 │ 6 5
 8 2 │ 2 9 5 2 │ 3 6
  ┼────────────────────────┼
 6 9 │ 3 5 8 8 │ 5 2
 9 6 │ 6 9 1 2 │ 7 2

# Square 29  (outer=781689580, inner=2301881948980)
TL=(5,7,2,9) TR=(7,4,4,7) BL=(4,9,9,1) BR=(5,2,7,9)
 5 7 │ 4 2 1 8 │ 7 4
 2 9 │ 1 3 6 3 │ 4 7
  ┼────────────────────────┼
 2 7 │ 1 1 0 7 │ 4 1
 5 1 │ 1 1 7 3 │ 2 3
 4 8 │ 0 7 6 8 │ 1 6
 8 9 │ 7 3 8 7 │ 8 3
  ┼────────────────────────┼
 4 9 │ 2 5 4 8 │ 5 2
 9 1 │ 7 1 8 9 │ 7 9

# Square 30  (outer=784902313, inner=2312451441052)
TL=(5,7,3,1) TR=(2,9,9,3) BL=(2,2,2,8) BR=(5,3,7,1)
 5 7 │ 1 6 5 3 │ 2 9
 3 1 │ 2 8 8 3 │ 9 3
  ┼────────────────────────┼
 1 1 │ 0 1 3 2 │ 1 2
 1 9 │ 1 2 9 2 │ 6 8
 6 8 │ 3 9 4 4 │ 5 8
 6 8 │ 2 2 4 4 │ 3 3
  ┼────────────────────────┼
 2 2 │ 1 1 6 6 │ 5 3
 2 8 │ 1 9 8 8 │ 7 1

# Square 31  (outer=871516627, inner=2595713563722)
TL=(5,7,4,4) TR=(9,8,8,3) BL=(8,6,6,3) BR=(5,4,7,4)
 5 7 │ 5 5 8 6 │ 9 8
 4 4 │ 3 6 5 2 │ 8 3
  ┼────────────────────────┼
 4 4 │ 2 3 3 2 │ 5 3
 6 6 │ 3 6 9 6 │ 5 6
 4 6 │ 3 9 1 0 │ 8 5
 4 2 │ 2 6 0 4 │ 6 2
  ┼────────────────────────┼
 8 6 │ 4 6 4 4 │ 5 4
 6 3 │ 4 6 6 2 │ 7 4

# Square 32  (outer=1036216699, inner=3016741569273)
TL=(5,7,6,9) TR=(3,1,1,9) BL=(4,2,2,5) BR=(5,6,7,9)
 5 7 │ 1 7 6 7 │ 3 1
 6 9 │ 1 3 1 1 │ 1 9
  ┼────────────────────────┼
 2 1 │ 0 2 3 1 │ 1 1
 3 9 │ 2 8 4 7 │ 7 3
 5 7 │ 3 4 7 7 │ 6 1
 2 5 │ 1 7 7 5 │ 7 1
  ┼────────────────────────┼
 4 2 │ 2 3 5 2 │ 5 6
 2 5 │ 1 9 7 5 │ 7 9

# Square 33  (outer=1037154202, inner=3019812828786)
TL=(5,7,6,9) TR=(4,1,1,9) BL=(3,2,2,5) BR=(5,6,7,9)
 5 7 │ 2 3 3 7 │ 4 1
 6 9 │ 1 3 1 1 │ 1 9
  ┼────────────────────────┼
 1 1 │ 0 2 3 1 │ 2 1
 7 9 │ 2 6 0 7 │ 3 3
 9 7 │ 3 0 0 7 │ 3 1
 2 5 │ 1 7 7 5 │ 7 1
  ┼────────────────────────┼
 3 2 │ 1 7 9 2 │ 5 6
 2 5 │ 1 9 7 5 │ 7 9

# Square 34  (outer=1066916358, inner=3119123869375)
TL=(5,7,7,3) TR=(7,8,4,9) BL=(7,4,8,9) BR=(5,1,1,4)
 5 7 │ 4 4 4 6 │ 7 8
 7 3 │ 3 5 7 7 │ 4 9
  ┼────────────────────────┼
 4 3 │ 1 3 3 3 │ 3 1
 4 5 │ 3 2 4 0 │ 7 2
 4 7 │ 3 4 7 8 │ 7 4
 6 7 │ 3 0 8 2 │ 4 6
  ┼────────────────────────┼
 7 4 │ 3 7 7 4 │ 5 1
 8 9 │ 1 2 4 6 │ 1 4

# Square 35  (outer=1072326990, inner=3137077821776)
TL=(5,7,7,4) TR=(5,2,8,9) BL=(5,8,2,9) BR=(6,8,8,6)
 5 7 │ 2 9 6 4 │ 5 2
 7 4 │ 6 5 8 6 │ 8 9
  ┼────────────────────────┼
 2 6 │ 0 8 3 2 │ 3 2
 9 5 │ 8 9 3 0 │ 9 4
 6 8 │ 3 3 3 2 │ 4 9
 4 6 │ 2 0 2 4 │ 4 4
  ┼────────────────────────┼
 5 8 │ 3 9 4 4 │ 6 8
 2 9 │ 2 4 9 4 │ 8 6

# Square 36  (outer=1088880469, inner=3184990940187)
TL=(5,7,7,6) TR=(7,8,3,2) BL=(7,3,8,2) BR=(5,2,2,9)
 5 7 │ 4 4 4 6 │ 7 8
 7 6 │ 2 4 3 2 │ 3 2
  ┼────────────────────────┼
 4 2 │ 1 3 4 4 │ 3 2
 4 4 │ 3 2 1 2 │ 7 3
 4 3 │ 4 1 7 1 │ 9 7
 6 2 │ 4 2 1 6 │ 6 8
  ┼────────────────────────┼
 7 3 │ 3 7 9 6 │ 5 2
 8 2 │ 2 3 7 8 │ 2 9

# Square 37  (outer=1105158558, inner=3241706366088)
TL=(5,7,7,8) TR=(6,9,8,3) BL=(6,8,9,3) BR=(2,2,2,7)
 5 7 │ 3 9 3 3 │ 6 9
 7 8 │ 6 4 7 4 │ 8 3
  ┼────────────────────────┼
 3 6 │ 0 4 3 2 │ 1 2
 9 4 │ 4 2 3 0 │ 4 5
 3 7 │ 3 3 6 7 │ 9 1
 3 4 │ 2 0 7 4 │ 6 1
  ┼────────────────────────┼
 6 8 │ 1 4 9 6 │ 2 2
 9 3 │ 2 5 1 1 │ 2 7

# Square 38  (outer=1108669931, inner=3253015208455)
TL=(5,7,7,9) TR=(2,4,2,3) BL=(2,2,4,3) BR=(6,6,6,6)
 5 7 │ 1 3 6 8 │ 2 4
 7 9 │ 1 8 1 7 │ 2 3
  ┼────────────────────────┼
 1 1 │ 0 1 3 2 │ 1 2
 3 8 │ 1 8 2 4 │ 4 8
 6 1 │ 3 2 3 3 │ 5 3
 8 7 │ 2 4 3 6 │ 2 8
  ┼────────────────────────┼
 2 2 │ 1 4 5 2 │ 6 6
 4 3 │ 2 8 3 8 │ 6 6

# Square 39  (outer=1124562395, inner=3307881476189)
TL=(5,7,8,1) TR=(8,7,7,4) BL=(3,7,7,3) BR=(5,8,7,1)
 5 7 │ 4 9 5 9 │ 8 7
 8 1 │ 5 9 9 4 │ 7 4
  ┼────────────────────────┼
 2 5 │ 1 1 2 5 │ 4 5
 1 1 │ 1 0 8 9 │ 9 9
 4 8 │ 2 8 3 2 │ 5 9
 6 3 │ 5 9 2 2 │ 9 4
  ┼────────────────────────┼
 3 7 │ 2 1 4 6 │ 5 8
 7 3 │ 5 1 8 3 │ 7 1

# Square 40  (outer=1221171205, inner=3621035711124)
TL=(5,7,9,4) TR=(6,6,6,9) BL=(2,8,8,1) BR=(5,9,7,4)
 5 7 │ 3 7 6 2 │ 6 6
 9 4 │ 6 4 8 6 │ 6 9
  ┼────────────────────────┼
 1 5 │ 0 5 4 0 │ 3 6
 6 9 │ 5 1 0 6 │ 7 4
 5 9 │ 4 0 1 2 │ 6 8
 2 4 │ 0 6 2 4 │ 2 6
  ┼────────────────────────┼
 2 8 │ 1 6 5 2 │ 5 9
 8 1 │ 5 9 9 4 │ 7 4

# Square 41  (outer=1294568349, inner=3876672141262)
TL=(5,8,2,2) TR=(9,8,8,6) BL=(4,4,4,1) BR=(5,2,8,2)
 5 8 │ 5 6 8 4 │ 9 8
 2 2 │ 1 8 9 2 │ 8 6
  ┼────────────────────────┼
 2 3 │ 1 1 7 3 │ 5 1
 2 3 │ 1 5 6 4 │ 6 8
 8 6 │ 7 6 5 4 │ 8 9
 8 2 │ 3 4 4 4 │ 4 2
  ┼────────────────────────┼
 4 4 │ 2 2 8 8 │ 5 2
 4 1 │ 3 3 6 2 │ 8 2

# Square 42  (outer=1326975803, inner=3972161172604)
TL=(5,8,2,9) TR=(6,8,8,6) BL=(5,7,7,4) BR=(5,2,8,9)
 5 8 │ 3 9 4 4 │ 6 8
 2 9 │ 2 4 9 4 │ 8 6
  ┼────────────────────────┼
 2 6 │ 0 8 3 2 │ 3 2
 9 5 │ 8 9 3 0 │ 9 4
 6 8 │ 3 3 3 2 │ 4 9
 4 6 │ 2 0 2 4 │ 4 4
  ┼────────────────────────┼
 5 7 │ 2 9 6 4 │ 5 2
 7 4 │ 6 5 8 6 │ 8 9

# Square 43  (outer=1375593833, inner=4135192124851)
TL=(5,8,3,8) TR=(9,3,3,9) BL=(8,2,2,8) BR=(5,3,8,8)
 5 8 │ 5 3 9 4 │ 9 3
 3 8 │ 1 4 8 2 │ 3 9
  ┼────────────────────────┼
 4 2 │ 2 1 4 2 │ 5 1
 3 4 │ 1 1 5 6 │ 3 4
 4 6 │ 4 5 0 8 │ 9 8
 6 4 │ 2 6 8 8 │ 4 2
  ┼────────────────────────┼
 8 2 │ 4 3 4 6 │ 5 3
 2 8 │ 2 4 6 4 │ 8 8

# Square 44  (outer=1382392160, inner=4160112684719)
TL=(5,8,3,9) TR=(9,3,3,3) BL=(4,1,1,5) BR=(5,3,8,9)
 5 8 │ 5 3 9 4 │ 9 3
 3 9 │ 1 2 8 7 │ 3 3
  ┼────────────────────────┼
 2 1 │ 1 0 7 1 │ 5 1
 1 3 │ 0 4 1 6 │ 3 2
 7 3 │ 7 1 5 4 │ 9 8
 3 5 │ 1 6 4 5 │ 4 7
  ┼────────────────────────┼
 4 1 │ 2 1 7 3 │ 5 3
 1 5 │ 1 3 3 5 │ 8 9

# Square 45  (outer=1391093238, inner=4189571315552)
TL=(5,8,4,2) TR=(3,4,4,4) BL=(2,1,1,8) BR=(5,4,8,2)
 5 8 │ 1 9 7 2 │ 3 4
 4 2 │ 1 8 4 8 │ 4 4
  ┼────────────────────────┼
 1 1 │ 0 1 2 1 │ 1 1
 1 4 │ 1 3 7 2 │ 9 8
 3 7 │ 2 7 3 8 │ 7 4
 4 6 │ 1 2 8 8 │ 2 8
  ┼────────────────────────┼
 2 1 │ 1 1 3 4 │ 5 4
 1 8 │ 1 4 7 6 │ 8 2

# Square 46  (outer=1394990621, inner=4201138749752)
TL=(5,8,4,2) TR=(8,4,4,4) BL=(6,1,1,8) BR=(5,4,8,2)
 5 8 │ 4 8 7 2 │ 8 4
 4 2 │ 1 8 4 8 │ 4 4
  ┼────────────────────────┼
 3 1 │ 1 2 7 1 │ 4 1
 2 4 │ 2 1 1 2 │ 8 8
 9 7 │ 7 1 7 8 │ 7 4
 4 6 │ 1 2 8 8 │ 2 8
  ┼────────────────────────┼
 6 1 │ 3 2 9 4 │ 5 4
 1 8 │ 1 4 7 6 │ 8 2

# Square 47  (outer=1523970163, inner=4528660081367)
TL=(5,8,6,3) TR=(8,1,1,9) BL=(6,2,2,4) BR=(5,6,8,3)
 5 8 │ 4 6 9 8 │ 8 1
 6 3 │ 1 1 9 7 │ 1 9
  ┼────────────────────────┼
 3 1 │ 1 2 7 1 │ 4 1
 4 9 │ 2 9 8 9 │ 6 1
 7 9 │ 7 8 2 1 │ 9 9
 2 2 │ 1 9 1 4 │ 8 7
  ┼────────────────────────┼
 6 2 │ 3 4 7 2 │ 5 6
 2 4 │ 1 9 9 2 │ 8 3

# Square 48  (outer=1569783616, inner=4668004333438)
TL=(5,8,7,1) TR=(3,7,7,3) BL=(8,7,7,4) BR=(5,7,8,1)
 5 8 │ 2 1 4 6 │ 3 7
 7 1 │ 5 1 8 3 │ 7 3
  ┼────────────────────────┼
 4 5 │ 1 1 2 5 │ 2 5
 9 9 │ 1 0 8 9 │ 1 1
 5 9 │ 2 8 3 2 │ 4 8
 9 4 │ 5 9 2 2 │ 6 3
  ┼────────────────────────┼
 8 7 │ 4 9 5 9 │ 5 7
 7 4 │ 5 9 9 4 │ 8 1

# Square 49  (outer=1639083427, inner=4899442796659)
TL=(5,8,8,1) TR=(5,9,6,5) BL=(5,6,9,5) BR=(6,2,2,5)
 5 8 │ 3 4 2 2 │ 5 9
 8 1 │ 5 2 6 5 │ 6 5
  ┼────────────────────────┼
 3 5 │ 1 1 2 0 │ 3 2
 4 2 │ 1 8 0 6 │ 4 3
 2 6 │ 2 0 0 2 │ 7 7
 2 5 │ 0 6 2 5 │ 2 5
  ┼────────────────────────┼
 5 6 │ 3 4 7 2 │ 6 2
 9 5 │ 2 3 7 5 │ 2 5

# Square 50  (outer=1642899894, inner=4912632508151)
TL=(5,8,8,1) TR=(9,4,7,1) BL=(9,7,4,1) BR=(2,6,6,9)
 5 8 │ 5 4 5 2 │ 9 4
 8 1 │ 5 7 5 1 │ 7 1
  ┼────────────────────────┼
 5 5 │ 1 2 1 0 │ 2 2
 4 7 │ 2 7 2 6 │ 5 8
 5 5 │ 1 2 1 0 │ 2 2
 2 1 │ 0 6 0 9 │ 2 9
  ┼────────────────────────┼
 9 7 │ 2 5 2 2 │ 2 6
 4 1 │ 2 8 2 9 │ 6 9

# Square 51  (outer=1643701128, inner=4915401573107)
TL=(5,8,8,1) TR=(9,9,6,5) BL=(9,6,9,5) BR=(9,2,2,5)
 5 8 │ 5 7 4 2 │ 9 9
 8 1 │ 5 2 6 5 │ 6 5
  ┼────────────────────────┼
 5 5 │ 4 5 1 0 │ 8 2
 7 2 │ 5 9 7 6 │ 8 3
 4 6 │ 1 7 0 2 │ 3 7
 2 5 │ 0 6 2 5 │ 2 5
  ┼────────────────────────┼
 9 6 │ 8 8 3 2 │ 9 2
 9 5 │ 2 3 7 5 │ 2 5

# Square 52  (outer=1643999323, inner=4916341323198)
TL=(5,8,8,2) TR=(2,3,8,9) BL=(2,8,3,9) BR=(5,9,9,4)
 5 8 │ 1 3 3 4 │ 2 3
 8 2 │ 7 2 9 8 │ 8 9
  ┼────────────────────────┼
 1 7 │ 0 2 2 1 │ 1 3
 3 2 │ 2 1 1 2 │ 6 6
 3 9 │ 2 1 8 4 │ 5 6
 4 8 │ 1 2 4 8 │ 2 6
  ┼────────────────────────┼
 2 8 │ 1 6 5 2 │ 5 9
 3 9 │ 3 6 6 6 │ 9 4

# Square 53  (outer=1653043302, inner=4944268220412)
TL=(5,8,8,3) TR=(4,3,8,7) BL=(4,8,3,7) BR=(8,9,9,5)
 5 8 │ 2 4 9 4 │ 4 3
 8 3 │ 7 2 2 1 │ 8 7
  ┼────────────────────────┼
 2 7 │ 1 1 6 1 │ 4 3
 4 2 │ 1 0 5 0 │ 2 5
 9 2 │ 6 5 3 2 │ 7 1
 4 1 │ 1 0 2 5 │ 2 5
  ┼────────────────────────┼
 4 8 │ 4 2 7 2 │ 8 9
 3 7 │ 3 5 1 5 │ 9 5

# Square 54  (outer=1655359606, inner=4952023207139)
TL=(5,8,8,3) TR=(6,6,9,5) BL=(6,9,6,5) BR=(2,2,2,3)
 5 8 │ 3 8 2 8 │ 6 6
 8 3 │ 7 8 8 5 │ 9 5
  ┼────────────────────────┼
 3 7 │ 0 4 0 7 │ 1 1
 8 8 │ 4 7 5 2 │ 5 4
 2 8 │ 0 5 3 2 │ 1 9
 8 5 │ 7 2 2 5 │ 8 5
  ┼────────────────────────┼
 6 9 │ 1 5 1 8 │ 2 2
 6 5 │ 1 4 9 5 │ 2 3

# Square 55  (outer=1664576675, inner=4981412834013)
TL=(5,8,8,4) TR=(7,9,8,6) BL=(7,8,9,6) BR=(5,3,3,7)
 5 8 │ 4 5 8 2 │ 7 9
 8 4 │ 7 2 2 4 │ 8 6
  ┼────────────────────────┼
 4 7 │ 2 0 2 1 │ 4 3
 5 2 │ 0 7 8 0 │ 1 5
 8 2 │ 2 8 7 0 │ 3 5
 2 4 │ 1 0 0 8 │ 4 2
  ┼────────────────────────┼
 7 8 │ 4 1 3 4 │ 5 3
 9 6 │ 3 5 5 2 │ 3 7

# Square 56  (outer=1671490902, inner=4997300739463)
TL=(5,8,8,6) TR=(2,3,3,3) BL=(2,3,3,3) BR=(6,5,5,7)
 5 8 │ 1 3 3 4 │ 2 3
 8 6 │ 2 8 3 8 │ 3 3
  ┼────────────────────────┼
 1 2 │ 0 1 3 2 │ 1 1
 3 8 │ 1 8 2 4 │ 4 8
 3 3 │ 3 2 3 4 │ 9 8
 4 8 │ 2 4 4 8 │ 5 1
  ┼────────────────────────┼
 2 3 │ 1 4 9 5 │ 6 5
 3 3 │ 1 8 8 1 │ 5 7

# Square 57  (outer=1679630662, inner=5022599186293)
TL=(5,8,8,7) TR=(2,8,4,4) BL=(2,4,8,4) BR=(5,8,8,9)
 5 8 │ 1 6 2 4 │ 2 8
 8 7 │ 3 8 2 8 │ 4 4
  ┼────────────────────────┼
 1 3 │ 0 2 2 1 │ 1 7
 6 8 │ 2 3 1 2 │ 3 4
 2 2 │ 2 1 3 4 │ 9 7
 4 8 │ 1 2 4 8 │ 2 6
  ┼────────────────────────┼
 2 4 │ 1 3 9 2 │ 5 8
 8 4 │ 7 4 7 6 │ 8 9

# Square 58  (outer=1687494276, inner=5050179820285)
TL=(5,8,8,8) TR=(2,2,2,7) BL=(3,2,2,8) BR=(5,8,8,8)
 5 8 │ 1 2 7 6 │ 2 2
 8 8 │ 2 3 7 6 │ 2 7
  ┼────────────────────────┼
 1 2 │ 0 1 4 4 │ 1 2
 8 4 │ 1 9 3 2 │ 2 3
 5 6 │ 4 3 1 2 │ 7 7
 6 4 │ 4 2 2 4 │ 6 6
  ┼────────────────────────┼
 3 2 │ 1 8 5 6 │ 5 8
 2 8 │ 2 4 6 4 │ 8 8

# Square 59  (outer=1688256619, inner=5052567478154)
TL=(5,8,8,8) TR=(3,2,2,8) BL=(2,2,2,7) BR=(5,8,8,8)
 5 8 │ 1 8 5 6 │ 3 2
 8 8 │ 2 4 6 4 │ 2 8
  ┼────────────────────────┼
 1 2 │ 0 1 4 4 │ 1 2
 2 3 │ 1 9 3 2 │ 8 4
 7 7 │ 4 3 1 2 │ 5 6
 6 6 │ 4 2 2 4 │ 6 4
  ┼────────────────────────┼
 2 2 │ 1 2 7 6 │ 5 8
 2 7 │ 2 3 7 6 │ 8 8

# Square 60  (outer=1695625030, inner=5075754856173)
TL=(5,8,8,9) TR=(2,4,8,4) BL=(2,8,4,4) BR=(5,8,8,7)
 5 8 │ 1 3 9 2 │ 2 4
 8 9 │ 7 4 7 6 │ 8 4
  ┼────────────────────────┼
 1 7 │ 0 2 2 1 │ 1 3
 3 4 │ 2 3 1 2 │ 6 8
 9 7 │ 2 1 3 4 │ 2 2
 2 6 │ 1 2 4 8 │ 4 8
  ┼────────────────────────┼
 2 8 │ 1 6 2 4 │ 5 8
 4 4 │ 3 8 2 8 │ 8 7

# Square 61  (outer=1938255223, inner=5882328924148)
TL=(5,9,4,5) TR=(7,5,5,5) BL=(7,1,1,7) BR=(5,4,9,5)
 5 9 │ 4 4 2 5 │ 7 5
 4 5 │ 2 4 7 5 │ 5 5
  ┼────────────────────────┼
 3 1 │ 1 3 0 2 │ 4 2
 8 6 │ 3 7 8 4 │ 4 4
 3 1 │ 0 8 3 7 │ 2 7
 4 5 │ 2 4 7 5 │ 5 5
  ┼────────────────────────┼
 7 1 │ 3 8 3 4 │ 5 4
 1 7 │ 1 6 1 5 │ 9 5

# Square 62  (outer=1971971325, inner=5985726512175)
TL=(5,9,5,1) TR=(3,6,6,4) BL=(8,5,5,1) BR=(5,5,9,1)
 5 9 │ 2 1 2 4 │ 3 6
 5 1 │ 3 2 6 4 │ 6 4
  ┼────────────────────────┼
 4 4 │ 1 0 1 2 │ 2 3
 6 6 │ 0 7 9 2 │ 1 2
 7 4 │ 1 9 2 4 │ 2 6
 5 1 │ 2 2 4 4 │ 4 4
  ┼────────────────────────┼
 8 5 │ 4 6 7 5 │ 5 5
 5 1 │ 4 6 4 1 │ 9 1

# Square 63  (outer=2070762651, inner=6211576596685)
TL=(5,9,6,4) TR=(7,1,1,8) BL=(4,6,6,7) BR=(5,6,9,4)
 5 9 │ 4 1 8 9 │ 7 1
 6 4 │ 1 1 5 2 │ 1 8
  ┼────────────────────────┼
 2 6 │ 1 0 6 6 │ 4 1
 5 2 │ 0 5 7 2 │ 1 1
 7 9 │ 6 7 1 5 │ 8 5
 6 8 │ 6 2 5 6 │ 9 2
  ┼────────────────────────┼
 4 6 │ 2 5 7 6 │ 5 6
 6 7 │ 6 2 9 8 │ 9 4

# Square 64  (outer=2076044896, inner=6224856783140)
TL=(5,9,6,5) TR=(5,8,8,1) BL=(6,2,2,5) BR=(5,6,9,5)
 5 9 │ 3 4 2 2 │ 5 8
 6 5 │ 5 2 6 5 │ 8 1
  ┼────────────────────────┼
 3 2 │ 1 1 2 0 │ 3 5
 4 3 │ 1 8 0 6 │ 4 2
 7 7 │ 2 0 0 2 │ 2 6
 2 5 │ 0 6 2 5 │ 2 5
  ┼────────────────────────┼
 6 2 │ 3 4 7 2 │ 5 6
 2 5 │ 2 3 7 5 │ 9 5

# Square 65  (outer=2103335099, inner=6304961388831)
TL=(5,9,6,8) TR=(9,3,3,7) BL=(8,3,3,2) BR=(5,6,9,8)
 5 9 │ 5 4 8 7 │ 9 3
 6 8 │ 2 5 1 6 │ 3 7
  ┼────────────────────────┼
 4 3 │ 2 2 3 6 │ 5 2
 6 1 │ 2 7 4 5 │ 4 5
 4 3 │ 3 4 8 3 │ 8 1
 8 6 │ 6 5 3 6 │ 7 6
  ┼────────────────────────┼
 8 3 │ 4 6 4 8 │ 5 6
 3 2 │ 3 1 3 6 │ 9 8

# Square 66  (outer=2104488153, inner=6308292309341)
TL=(5,9,6,9) TR=(2,1,1,9) BL=(3,2,2,5) BR=(5,6,9,9)
 5 9 │ 1 2 3 9 │ 2 1
 6 9 │ 1 3 1 1 │ 1 9
  ┼────────────────────────┼
 1 2 │ 0 1 3 2 │ 1 1
 7 4 │ 1 7 0 2 │ 2 3
 9 7 │ 3 0 0 7 │ 3 1
 2 5 │ 2 2 7 5 │ 9 1
  ┼────────────────────────┼
 3 2 │ 1 7 9 2 │ 5 6
 2 5 │ 2 4 7 5 │ 9 9

# Square 67  (outer=2140600683, inner=6432414563500)
TL=(5,9,7,4) TR=(2,8,8,1) BL=(6,6,6,9) BR=(5,7,9,4)
 5 9 │ 1 6 5 2 │ 2 8
 7 4 │ 5 9 9 4 │ 8 1
  ┼────────────────────────┼
 3 6 │ 0 5 4 0 │ 1 5
 7 4 │ 5 1 0 6 │ 6 9
 6 8 │ 4 0 1 2 │ 5 9
 2 6 │ 0 6 2 4 │ 2 4
  ┼────────────────────────┼
 6 6 │ 3 7 6 2 │ 5 7
 6 9 │ 6 4 8 6 │ 9 4

# Square 68  (outer=2269811639, inner=6846008257871)
TL=(5,9,9,1) TR=(5,9,9,2) BL=(6,5,5,8) BR=(5,9,9,1)
 5 9 │ 3 4 8 1 │ 5 9
 9 1 │ 8 3 7 2 │ 9 2
  ┼────────────────────────┼
 3 5 │ 1 3 3 0 │ 3 8
 8 2 │ 3 5 2 6 │ 4 3
 3 7 │ 3 2 1 9 │ 8 7
 5 8 │ 0 6 9 6 │ 1 2
  ┼────────────────────────┼
 6 5 │ 3 8 3 5 │ 5 9
 5 8 │ 5 2 7 8 │ 9 1

# Square 69  (outer=2269847046, inner=6846144220474)
TL=(5,9,9,1) TR=(6,1,2,8) BL=(6,2,1,8) BR=(7,6,6,2)
 5 9 │ 3 5 9 9 │ 6 1
 9 1 │ 2 5 4 8 │ 2 8
  ┼────────────────────────┼
 3 2 │ 1 3 1 2 │ 4 1
 5 5 │ 3 9 0 5 │ 7 1
 9 4 │ 1 0 3 4 │ 1 1
 9 8 │ 2 5 4 8 │ 2 6
  ┼────────────────────────┼
 6 2 │ 4 7 1 2 │ 7 6
 1 8 │ 1 1 1 6 │ 6 2

# Square 70  (outer=2269848733, inner=6846150698555)
TL=(5,9,9,1) TR=(6,1,2,9) BL=(6,2,1,9) BR=(7,6,6,3)
 5 9 │ 3 5 9 9 │ 6 1
 9 1 │ 2 6 3 9 │ 2 9
  ┼────────────────────────┼
 3 2 │ 1 3 1 2 │ 4 1
 5 6 │ 3 9 7 6 │ 7 1
 9 3 │ 1 7 6 7 │ 1 9
 9 9 │ 2 6 7 3 │ 2 7
  ┼────────────────────────┼
 6 2 │ 4 7 1 2 │ 7 6
 1 9 │ 1 1 9 7 │ 6 3

# Square 71  (outer=2270456009, inner=6848482638375)
TL=(5,9,9,1) TR=(6,5,5,8) BL=(5,9,9,2) BR=(5,9,9,1)
 5 9 │ 3 8 3 5 │ 6 5
 9 1 │ 5 2 7 8 │ 5 8
  ┼────────────────────────┼
 3 8 │ 1 3 3 0 │ 3 5
 4 3 │ 3 5 2 6 │ 8 2
 8 7 │ 3 2 1 9 │ 3 7
 1 2 │ 0 6 9 6 │ 5 8
  ┼────────────────────────┼
 5 9 │ 3 4 8 1 │ 5 9
 9 2 │ 8 3 7 2 │ 9 1

# Square 72  (outer=2278621864, inner=6877958241488)
TL=(5,9,9,2) TR=(5,9,9,1) BL=(5,9,9,1) BR=(6,5,5,8)
 5 9 │ 3 4 8 1 │ 5 9
 9 2 │ 8 3 7 2 │ 9 1
  ┼────────────────────────┼
 3 8 │ 1 3 3 0 │ 3 5
 4 3 │ 3 5 2 6 │ 8 2
 8 7 │ 3 2 1 9 │ 3 7
 1 2 │ 0 6 9 6 │ 5 8
  ┼────────────────────────┼
 5 9 │ 3 8 3 5 │ 6 5
 9 1 │ 5 2 7 8 │ 5 8

# Square 73  (outer=2283152691, inner=6893230654043)
TL=(5,9,9,3) TR=(2,2,2,3) BL=(2,7,7,4) BR=(5,9,9,3)
 5 9 │ 1 2 9 8 │ 2 2
 9 3 │ 2 1 3 9 │ 2 3
  ┼────────────────────────┼
 1 6 │ 0 1 9 2 │ 1 2
 5 8 │ 1 2 1 8 │ 2 1
 9 8 │ 9 1 1 4 │ 9 3
 3 2 │ 2 8 4 8 │ 8 9
  ┼────────────────────────┼
 2 7 │ 1 5 9 3 │ 5 9
 7 4 │ 6 8 8 2 │ 9 3

# Square 74  (outer=2283814768, inner=6895733304751)
TL=(5,9,9,3) TR=(2,7,7,4) BL=(2,2,2,3) BR=(5,9,9,3)
 5 9 │ 1 5 9 3 │ 2 7
 9 3 │ 6 8 8 2 │ 7 4
  ┼────────────────────────┼
 1 2 │ 0 1 9 2 │ 1 6
 2 1 │ 1 2 1 8 │ 5 8
 9 3 │ 9 1 1 4 │ 9 8
 8 9 │ 2 8 4 8 │ 3 2
  ┼────────────────────────┼
 2 2 │ 1 2 9 8 │ 5 9
 2 3 │ 2 1 3 9 │ 9 3

# Square 75  (outer=2293002330, inner=6930169130652)
TL=(5,9,9,4) TR=(2,8,3,9) BL=(2,3,8,9) BR=(5,8,8,2)
 5 9 │ 1 6 5 2 │ 2 8
 9 4 │ 3 6 6 6 │ 3 9
  ┼────────────────────────┼
 1 3 │ 0 2 2 1 │ 1 7
 6 6 │ 2 1 1 2 │ 3 2
 5 6 │ 2 1 8 4 │ 3 9
 2 6 │ 1 2 4 8 │ 4 8
  ┼────────────────────────┼
 2 3 │ 1 3 3 4 │ 5 8
 8 9 │ 7 2 9 8 │ 8 2

# Square 76  (outer=2294598311, inner=6935627386405)
TL=(5,9,9,4) TR=(4,6,2,7) BL=(4,2,6,7) BR=(9,4,4,2)
 5 9 │ 2 7 1 4 │ 4 6
 9 4 │ 2 5 3 8 │ 2 7
  ┼────────────────────────┼
 2 2 │ 0 7 0 4 │ 3 2
 7 5 │ 7 3 5 0 │ 9 8
 1 3 │ 0 5 3 3 │ 4 1
 4 8 │ 4 0 3 2 │ 8 4
  ┼────────────────────────┼
 4 2 │ 3 9 4 8 │ 9 4
 6 7 │ 2 8 1 4 │ 4 2

# Square 77  (outer=2303516746, inner=6962559059085)
TL=(5,9,9,5) TR=(6,5,1,7) BL=(6,1,5,7) BR=(2,5,5,7)
 5 9 │ 3 8 3 5 │ 6 5
 9 5 │ 1 6 1 5 │ 1 7
  ┼────────────────────────┼
 3 1 │ 0 4 0 3 │ 1 3
 8 6 │ 4 4 7 2 │ 5 2
 3 1 │ 0 7 4 4 │ 2 4
 5 5 │ 3 2 4 5 │ 5 9
  ┼────────────────────────┼
 6 1 │ 1 5 2 5 │ 2 5
 5 7 │ 3 2 4 9 │ 5 7

# Square 78  (outer=2307866061, inner=6974154557070)
TL=(5,9,9,6) TR=(4,3,5,1) BL=(4,5,3,1) BR=(6,5,5,9)
 5 9 │ 2 5 3 7 │ 4 3
 9 6 │ 4 8 9 6 │ 5 1
  ┼────────────────────────┼
 2 4 │ 0 5 0 4 │ 2 1
 5 8 │ 5 6 8 4 │ 9 8
 3 9 │ 0 8 5 8 │ 2 2
 7 6 │ 4 4 8 4 │ 5 9
  ┼────────────────────────┼
 4 5 │ 2 9 2 5 │ 6 5
 3 1 │ 1 8 2 9 │ 5 9

# Square 79  (outer=2326706894, inner=7041653259847)
TL=(5,9,9,8) TR=(5,5,1,7) BL=(5,1,5,7) BR=(6,6,6,7)
 5 9 │ 3 2 4 5 │ 5 5
 9 8 │ 1 6 6 6 │ 1 7
  ┼────────────────────────┼
 3 1 │ 1 0 2 3 │ 3 3
 2 6 │ 0 9 8 8 │ 3 8
 4 6 │ 2 8 0 6 │ 6 1
 5 6 │ 3 8 6 4 │ 6 9
  ┼────────────────────────┼
 5 1 │ 3 3 6 6 │ 6 6
 5 7 │ 3 8 1 9 │ 6 7

# Square 80  (outer=2326882274, inner=7042232013905)
TL=(5,9,9,8) TR=(5,7,2,2) BL=(5,2,7,2) BR=(6,9,9,6)
 5 9 │ 3 3 6 3 │ 5 7
 9 8 │ 2 1 5 6 │ 2 2
  ┼────────────────────────┼
 3 2 │ 1 1 5 2 │ 3 6
 3 1 │ 1 8 2 9 │ 5 9
 6 5 │ 5 2 6 5 │ 8 1
 3 6 │ 2 9 5 2 │ 8 2
  ┼────────────────────────┼
 5 2 │ 3 5 8 8 │ 6 9
 7 2 │ 6 9 1 2 │ 9 6

# Square 81  (outer=2351682775, inner=7102823293237)
TL=(6,1,1,7) TR=(2,2,9,2) BL=(2,9,2,2) BR=(9,6,6,6)
 6 1 │ 1 3 4 2 │ 2 2
 1 7 │ 1 5 6 4 │ 9 2
  ┼────────────────────────┼
 1 1 │ 0 2 3 1 │ 2 1
 3 5 │ 2 5 9 0 │ 7 4
 4 6 │ 3 9 1 0 │ 8 5
 2 4 │ 1 0 0 8 │ 4 2
  ┼────────────────────────┼
 2 9 │ 2 7 8 4 │ 9 6
 2 2 │ 1 4 5 2 │ 6 6

# Square 82  (outer=2354621703, inner=7107851800183)
TL=(6,1,1,7) TR=(7,6,9,9) BL=(7,9,6,9) BR=(2,4,4,9)
 6 1 │ 4 6 3 6 │ 7 6
 1 7 │ 1 6 8 3 │ 9 9
  ┼────────────────────────┼
 4 1 │ 0 5 3 3 │ 1 3
 6 6 │ 5 4 7 8 │ 8 3
 3 8 │ 3 7 2 4 │ 9 8
 6 3 │ 3 8 4 3 │ 6 1
  ┼────────────────────────┼
 7 9 │ 1 8 9 6 │ 2 4
 6 9 │ 3 3 8 1 │ 4 9

# Square 83  (outer=2357807125, inner=7113201344489)
TL=(6,1,1,8) TR=(5,4,8,2) BL=(5,8,4,2) BR=(8,4,4,4)
 6 1 │ 3 2 9 4 │ 5 4
 1 8 │ 1 4 7 6 │ 8 2
  ┼────────────────────────┼
 3 1 │ 1 2 7 1 │ 4 1
 2 4 │ 2 1 1 2 │ 8 8
 9 7 │ 7 1 7 8 │ 7 4
 4 6 │ 1 2 8 8 │ 2 8
  ┼────────────────────────┼
 5 8 │ 4 8 7 2 │ 8 4
 4 2 │ 1 8 4 8 │ 4 4

# Square 84  (outer=2360772604, inner=7118161756152)
TL=(6,1,1,9) TR=(2,4,8,3) BL=(2,8,4,3) BR=(4,4,4,4)
 6 1 │ 1 4 6 4 │ 2 4
 1 9 │ 1 5 7 7 │ 8 3
  ┼────────────────────────┼
 1 1 │ 0 1 2 1 │ 1 1
 4 5 │ 1 2 6 0 │ 2 8
 6 7 │ 2 6 1 3 │ 3 9
 4 7 │ 1 0 3 4 │ 2 2
  ┼────────────────────────┼
 2 8 │ 1 2 3 2 │ 4 4
 4 3 │ 1 8 9 2 │ 4 4

# Square 85  (outer=2360774791, inner=7118166143275)
TL=(6,1,1,9) TR=(2,4,8,4) BL=(2,8,4,4) BR=(4,4,4,3)
 6 1 │ 1 4 6 4 │ 2 4
 1 9 │ 1 5 9 6 │ 8 4
  ┼────────────────────────┼
 1 1 │ 0 1 2 1 │ 1 1
 4 5 │ 1 2 6 0 │ 2 8
 6 9 │ 2 6 9 1 │ 3 9
 4 6 │ 1 0 1 2 │ 2 2
  ┼────────────────────────┼
 2 8 │ 1 2 3 2 │ 4 4
 4 4 │ 1 8 9 2 │ 4 3

# Square 86  (outer=2399903823, inner=7159584143003)
TL=(6,1,2,8) TR=(5,9,9,1) BL=(7,6,6,2) BR=(6,2,1,8)
 6 1 │ 3 5 9 9 │ 5 9
 2 8 │ 2 5 4 8 │ 9 1
  ┼────────────────────────┼
 4 1 │ 1 3 1 2 │ 3 2
 7 1 │ 3 9 0 5 │ 5 5
 1 1 │ 1 0 3 4 │ 9 4
 2 6 │ 2 5 4 8 │ 9 8
  ┼────────────────────────┼
 7 6 │ 4 7 1 2 │ 6 2
 6 2 │ 1 1 1 6 │ 1 8

# Square 87  (outer=2406235497, inner=7169836042970)
TL=(6,1,2,9) TR=(5,9,9,1) BL=(7,6,6,3) BR=(6,2,1,9)
 6 1 │ 3 5 9 9 │ 5 9
 2 9 │ 2 6 3 9 │ 9 1
  ┼────────────────────────┼
 4 1 │ 1 3 1 2 │ 3 2
 7 1 │ 3 9 7 6 │ 5 6
 1 9 │ 1 7 6 7 │ 9 3
 2 7 │ 2 6 7 3 │ 9 9
  ┼────────────────────────┼
 7 6 │ 4 7 1 2 │ 6 2
 6 3 │ 1 1 9 7 │ 1 9

# Square 88  (outer=2557362310, inner=7320212990514)
TL=(6,1,5,7) TR=(2,5,5,7) BL=(5,9,9,5) BR=(6,5,1,7)
 6 1 │ 1 5 2 5 │ 2 5
 5 7 │ 3 2 4 9 │ 5 7
  ┼────────────────────────┼
 3 1 │ 0 4 0 3 │ 1 3
 8 6 │ 4 4 7 2 │ 5 2
 3 1 │ 0 7 4 4 │ 2 4
 5 5 │ 3 2 4 5 │ 5 9
  ┼────────────────────────┼
 5 9 │ 3 8 3 5 │ 6 5
 9 5 │ 1 6 1 5 │ 1 7

# Square 89  (outer=2861340332, inner=7699974617331)
TL=(6,2,1,8) TR=(7,6,6,2) BL=(5,9,9,1) BR=(6,1,2,8)
 6 2 │ 4 7 1 2 │ 7 6
 1 8 │ 1 1 1 6 │ 6 2
  ┼────────────────────────┼
 3 2 │ 1 3 1 2 │ 4 1
 5 5 │ 3 9 0 5 │ 7 1
 9 4 │ 1 0 3 4 │ 1 1
 9 8 │ 2 5 4 8 │ 2 6
  ┼────────────────────────┼
 5 9 │ 3 5 9 9 │ 6 1
 9 1 │ 2 5 4 8 │ 2 8

# Square 90  (outer=2865772627, inner=7711924441705)
TL=(6,2,1,9) TR=(7,6,6,3) BL=(5,9,9,1) BR=(6,1,2,9)
 6 2 │ 4 7 1 2 │ 7 6
 1 9 │ 1 1 9 7 │ 6 3
  ┼────────────────────────┼
 3 2 │ 1 3 1 2 │ 4 1
 5 6 │ 3 9 7 6 │ 7 1
 9 3 │ 1 7 6 7 │ 1 9
 9 9 │ 2 6 7 3 │ 2 7
  ┼────────────────────────┼
 5 9 │ 3 5 9 9 │ 6 1
 9 1 │ 2 6 3 9 │ 2 9

# Square 91  (outer=2870583762, inner=7722161818974)
TL=(6,2,2,1) TR=(7,9,8,4) BL=(7,8,9,4) BR=(4,3,3,8)
 6 2 │ 4 8 9 8 │ 7 9
 2 1 │ 1 7 6 4 │ 8 4
  ┼────────────────────────┼
 4 1 │ 1 3 5 3 │ 3 3
 8 7 │ 3 0 4 5 │ 3 5
 9 6 │ 5 4 7 2 │ 5 7
 8 4 │ 3 5 2 8 │ 4 2
  ┼────────────────────────┼
 7 8 │ 3 3 5 4 │ 4 3
 9 4 │ 3 5 7 2 │ 3 8

# Square 92  (outer=2879315991, inner=7738153297577)
TL=(6,2,2,3) TR=(7,8,8,2) BL=(7,8,8,2) BR=(4,6,6,9)
 6 2 │ 4 8 3 6 │ 7 8
 2 3 │ 1 8 8 6 │ 8 2
  ┼────────────────────────┼
 4 1 │ 1 4 3 5 │ 3 5
 8 8 │ 4 9 2 8 │ 5 6
 3 8 │ 3 2 3 0 │ 8 5
 6 6 │ 5 8 0 8 │ 8 8
  ┼────────────────────────┼
 7 8 │ 3 5 8 8 │ 4 6
 8 2 │ 5 6 5 8 │ 6 9

# Square 93  (outer=2879452285, inner=7738422614564)
TL=(6,2,2,3) TR=(7,9,9,3) BL=(7,9,9,3) BR=(8,7,7,4)
 6 2 │ 4 8 9 8 │ 7 9
 2 3 │ 2 1 3 9 │ 9 3
  ┼────────────────────────┼
 4 2 │ 2 7 7 2 │ 6 6
 8 1 │ 7 1 2 8 │ 8 8
 9 3 │ 7 2 5 4 │ 7 8
 8 9 │ 2 8 4 8 │ 3 2
  ┼────────────────────────┼
 7 9 │ 6 8 7 3 │ 8 7
 9 3 │ 6 8 8 2 │ 7 4

# Square 94  (outer=2882482209, inner=7744202678789)
TL=(6,2,2,4) TR=(5,6,8,3) BL=(5,8,6,3) BR=(8,1,1,9)
 6 2 │ 3 4 7 2 │ 5 6
 2 4 │ 1 9 9 2 │ 8 3
  ┼────────────────────────┼
 3 1 │ 1 2 7 1 │ 4 1
 4 9 │ 2 9 8 9 │ 6 1
 7 9 │ 7 8 2 1 │ 9 9
 2 2 │ 1 9 1 4 │ 8 7
  ┼────────────────────────┼
 5 8 │ 4 6 9 8 │ 8 1
 6 3 │ 1 1 9 7 │ 1 9

# Square 95  (outer=2886582649, inner=7751149573815)
TL=(6,2,2,5) TR=(5,6,9,5) BL=(5,9,6,5) BR=(5,8,8,1)
 6 2 │ 3 4 7 2 │ 5 6
 2 5 │ 2 3 7 5 │ 9 5
  ┼────────────────────────┼
 3 2 │ 1 1 2 0 │ 3 5
 4 3 │ 1 8 0 6 │ 4 2
 7 7 │ 2 0 0 2 │ 2 6
 2 5 │ 0 6 2 5 │ 2 5
  ┼────────────────────────┼
 5 9 │ 3 4 2 2 │ 5 8
 6 5 │ 5 2 6 5 │ 8 1

# Square 96  (outer=2895096085, inner=7767850907086)
TL=(6,2,2,7) TR=(4,3,4,6) BL=(4,4,3,6) BR=(6,3,3,4)
 6 2 │ 2 6 6 6 │ 4 3
 2 7 │ 1 2 4 2 │ 4 6
  ┼────────────────────────┼
 2 1 │ 0 4 4 1 │ 2 1
 6 2 │ 4 4 6 4 │ 7 2
 6 4 │ 4 6 0 8 │ 7 2
 6 2 │ 1 4 8 8 │ 2 4
  ┼────────────────────────┼
 4 4 │ 2 7 7 2 │ 6 3
 3 6 │ 1 2 2 4 │ 3 4

# Square 97  (outer=2970127386, inner=7939101334421)
TL=(6,2,4,1) TR=(9,3,3,1) BL=(2,8,8,7) BR=(6,4,2,1)
 6 2 │ 5 7 6 6 │ 9 3
 4 1 │ 1 2 7 1 │ 3 1
  ┼────────────────────────┼
 1 1 │ 0 5 6 1 │ 5 1
 7 8 │ 5 6 1 6 │ 7 2
 9 2 │ 6 1 6 4 │ 6 7
 2 7 │ 1 6 4 7 │ 6 1
  ┼────────────────────────┼
 2 8 │ 1 7 9 2 │ 6 4
 8 7 │ 1 8 2 7 │ 2 1

# Square 98  (outer=3088517434, inner=8133074649640)
TL=(6,2,6,1) TR=(7,4,4,8) BL=(2,7,7,8) BR=(6,6,2,1)
 6 2 │ 4 5 8 8 │ 7 4
 6 1 │ 2 9 2 8 │ 4 8
  ┼────────────────────────┼
 1 1 │ 0 4 6 2 │ 4 2
 7 6 │ 4 4 8 4 │ 5 9
 8 3 │ 6 8 0 6 │ 8 2
 2 8 │ 2 4 6 4 │ 8 8
  ┼────────────────────────┼
 2 7 │ 1 7 8 2 │ 6 6
 7 8 │ 1 6 3 8 │ 2 1

# Square 99  (outer=3104445384, inner=8162389337112)
TL=(6,2,6,3) TR=(8,8,8,7) BL=(6,8,8,2) BR=(6,6,2,3)
 6 2 │ 5 4 5 6 │ 8 8
 6 3 │ 5 4 8 1 │ 8 7
  ┼────────────────────────┼
 4 1 │ 2 2 5 5 │ 5 5
 4 8 │ 2 1 1 2 │ 4 4
 8 8 │ 5 1 0 4 │ 5 8
 8 6 │ 5 2 4 6 │ 6 1
  ┼────────────────────────┼
 6 8 │ 4 4 8 8 │ 6 6
 8 2 │ 1 8 8 6 │ 2 3

# Square 100  (outer=3243831828, inner=8478168756988)
TL=(6,2,8,4) TR=(9,1,1,6) BL=(8,7,7,8) BR=(6,8,2,4)
 6 2 │ 5 6 4 2 │ 9 1
 8 4 │ 1 3 4 4 │ 1 6
  ┼────────────────────────┼
 5 1 │ 2 6 0 1 │ 5 1
 9 8 │ 6 1 7 4 │ 6 3
 1 7 │ 0 7 4 8 │ 4 4
 6 2 │ 1 4 8 8 │ 2 4
  ┼────────────────────────┼
 8 7 │ 5 9 1 6 │ 6 8
 7 8 │ 1 8 7 2 │ 2 4

# Square 101  (outer=3305296703, inner=8621827371975)
TL=(6,2,9,4) TR=(3,1,1,7) BL=(1,7,7,7) BR=(6,9,2,4)
 6 2 │ 1 9 2 2 │ 3 1
 9 4 │ 1 5 9 8 │ 1 7
  ┼────────────────────────┼
 1 1 │ 0 1 2 1 │ 1 1
 1 8 │ 1 7 1 0 │ 9 5
 7 4 │ 2 1 4 6 │ 2 9
 3 8 │ 1 0 6 4 │ 2 8
  ┼────────────────────────┼
 1 7 │ 1 1 7 3 │ 6 9
 7 7 │ 1 8 4 8 │ 2 4

# DONE: found=101  outer=3402954265  inner=8870137404665  time=155211s
