# Searching TL indices [546, 1092)
# Square 1  (outer=624049, inner=1176330683)
TL=(1,7,7,7) TR=(6,9,2,4) BL=(6,2,9,4) BR=(3,1,1,7)
 1 7 │ 1 1 7 3 │ 6 9
 7 7 │ 1 8 4 8 │ 2 4
  ┼────────────────────────┼
 1 1 │ 0 1 2 1 │ 1 1
 1 8 │ 1 7 1 0 │ 9 5
 7 4 │ 2 1 4 6 │ 2 9
 3 8 │ 1 0 6 4 │ 2 8
  ┼────────────────────────┼
 6 2 │ 1 9 2 2 │ 3 1
 9 4 │ 1 5 9 8 │ 1 7

# Square 2  (outer=3060460, inner=5768966317)
TL=(1,7,7,7) TR=(8,6,9,6) BL=(8,9,6,6) BR=(8,5,5,7)
 1 7 │ 1 4 6 2 │ 8 6
 7 7 │ 7 3 9 2 │ 9 6
  ┼────────────────────────┼
 1 7 │ 1 2 4 1 │ 7 3
 4 3 │ 2 4 5 1 │ 5 7
 6 9 │ 4 5 5 4 │ 6 6
 2 2 │ 1 1 4 4 │ 5 2
  ┼────────────────────────┼
 8 9 │ 7 5 6 5 │ 8 5
 6 6 │ 3 7 6 2 │ 5 7

# Square 3  (outer=17304759, inner=30699832393)
TL=(1,7,8,1) TR=(8,1,1,9) BL=(7,7,7,4) BR=(1,8,7,1)
 1 7 │ 1 3 7 7 │ 8 1
 8 1 │ 1 5 3 9 │ 1 9
  ┼────────────────────────┼
 1 5 │ 0 1 6 5 │ 1 1
 3 2 │ 1 1 2 0 │ 3 5
 8 5 │ 6 2 0 5 │ 7 3
 6 4 │ 5 0 5 6 │ 7 9
  ┼────────────────────────┼
 7 7 │ 1 3 8 6 │ 1 8
 7 4 │ 5 2 5 4 │ 7 1

# Square 4  (outer=23351003, inner=40537215597)
TL=(1,7,8,2) TR=(8,7,7,9) BL=(7,2,2,1) BR=(1,8,7,2)
 1 7 │ 1 4 7 9 │ 8 7
 8 2 │ 6 4 7 8 │ 7 9
  ┼────────────────────────┼
 1 1 │ 0 1 7 6 │ 1 6
 2 5 │ 1 1 0 0 │ 4 4
 9 1 │ 7 0 0 7 │ 7 7
 6 2 │ 6 0 7 6 │ 9 8
  ┼────────────────────────┼
 7 2 │ 1 2 9 6 │ 1 8
 2 1 │ 1 5 1 2 │ 7 2

# Square 5  (outer=99257994, inner=177397388924)
TL=(1,7,9,9) TR=(8,6,6,7) BL=(7,7,7,4) BR=(1,9,7,9)
 1 7 │ 1 4 6 2 │ 8 6
 9 9 │ 6 6 3 3 │ 6 7
  ┼────────────────────────┼
 1 5 │ 0 2 4 0 │ 1 6
 4 8 │ 2 2 0 8 │ 4 6
 6 4 │ 4 0 3 2 │ 6 3
 3 6 │ 0 8 2 8 │ 2 3
  ┼────────────────────────┼
 7 7 │ 1 4 6 3 │ 1 9
 7 4 │ 5 8 4 6 │ 7 9

# Square 6  (outer=173017263, inner=225705559507)
TL=(1,8,4,4) TR=(9,7,7,9) BL=(9,9,9,7) BR=(1,4,8,4)
 1 8 │ 1 7 4 6 │ 9 7
 4 4 │ 3 4 7 6 │ 7 9
  ┼────────────────────────┼
 1 8 │ 0 2 3 4 │ 1 3
 3 1 │ 2 2 9 4 │ 7 4
 8 4 │ 3 9 4 8 │ 4 7
 6 8 │ 4 4 8 8 │ 6 6
  ┼────────────────────────┼
 9 9 │ 1 3 8 6 │ 1 4
 9 7 │ 8 1 4 8 │ 8 4

# Square 7  (outer=267495856, inner=318577669731)
TL=(1,8,7,1) TR=(7,7,7,4) BL=(8,1,1,9) BR=(1,7,8,1)
 1 8 │ 1 3 8 6 │ 7 7
 7 1 │ 5 2 5 4 │ 7 4
  ┼────────────────────────┼
 1 1 │ 0 1 6 5 │ 1 5
 3 5 │ 1 1 2 0 │ 3 2
 7 3 │ 6 2 0 5 │ 8 5
 7 9 │ 5 0 5 6 │ 6 4
  ┼────────────────────────┼
 8 1 │ 1 3 7 7 │ 1 7
 1 9 │ 1 5 3 9 │ 8 1

# Square 8  (outer=271219667, inner=325248794985)
TL=(1,8,7,2) TR=(7,2,2,1) BL=(8,7,7,9) BR=(1,7,8,2)
 1 8 │ 1 2 9 6 │ 7 2
 7 2 │ 1 5 1 2 │ 2 1
  ┼────────────────────────┼
 1 6 │ 0 1 7 6 │ 1 1
 4 4 │ 1 1 0 0 │ 2 5
 7 7 │ 7 0 0 7 │ 9 1
 9 8 │ 6 0 7 6 │ 6 2
  ┼────────────────────────┼
 8 7 │ 1 4 7 9 │ 1 7
 7 9 │ 6 4 7 8 │ 8 2

# Square 9  (outer=305910146, inner=383662187057)
TL=(1,8,8,1) TR=(7,2,4,1) BL=(7,4,2,1) BR=(3,9,9,1)
 1 8 │ 1 2 9 6 │ 7 2
 8 1 │ 3 3 2 1 │ 4 1
  ┼────────────────────────┼
 1 3 │ 0 2 7 3 │ 2 1
 2 3 │ 2 0 4 7 │ 8 9
 9 2 │ 7 4 5 2 │ 8 1
 6 1 │ 3 7 2 1 │ 6 1
  ┼────────────────────────┼
 7 4 │ 2 8 8 6 │ 3 9
 2 1 │ 1 9 1 1 │ 9 1

# Square 10  (outer=317459127, inner=403180884182)
TL=(1,8,8,3) TR=(9,3,8,7) BL=(9,8,3,7) BR=(8,9,9,5)
 1 8 │ 1 6 7 4 │ 9 3
 8 3 │ 7 2 2 1 │ 8 7
  ┼────────────────────────┼
 1 7 │ 1 4 1 1 │ 8 3
 6 2 │ 4 6 5 0 │ 7 5
 7 2 │ 1 5 1 2 │ 2 1
 4 1 │ 1 0 2 5 │ 2 5
  ┼────────────────────────┼
 9 8 │ 8 7 2 2 │ 8 9
 3 7 │ 3 5 1 5 │ 9 5

# Square 11  (outer=341014700, inner=440799090363)
TL=(1,8,8,9) TR=(7,4,4,3) BL=(9,8,8,4) BR=(1,8,8,9)
 1 8 │ 1 3 3 2 │ 7 4
 8 9 │ 3 8 2 7 │ 4 3
  ┼────────────────────────┼
 1 7 │ 0 2 2 1 │ 1 3
 7 4 │ 2 8 1 2 │ 3 8
 6 7 │ 2 1 4 4 │ 3 2
 4 6 │ 1 2 4 2 │ 2 7
  ┼────────────────────────┼
 9 8 │ 1 7 6 4 │ 1 8
 8 4 │ 7 4 7 6 │ 8 9

# Square 12  (outer=344043032, inner=446225860191)
TL=(1,8,8,9) TR=(9,8,8,4) BL=(7,4,4,3) BR=(1,8,8,9)
 1 8 │ 1 7 6 4 │ 9 8
 8 9 │ 7 4 7 6 │ 8 4
  ┼────────────────────────┼
 1 3 │ 0 2 2 1 │ 1 7
 3 8 │ 2 8 1 2 │ 7 4
 3 2 │ 2 1 4 4 │ 6 7
 2 7 │ 1 2 4 2 │ 4 6
  ┼────────────────────────┼
 7 4 │ 1 3 3 2 │ 1 8
 4 3 │ 3 8 2 7 │ 8 9

# Square 13  (outer=628764247, inner=760840423326)
TL=(1,9,7,9) TR=(7,7,7,4) BL=(8,6,6,7) BR=(1,7,9,9)
 1 9 │ 1 4 6 3 │ 7 7
 7 9 │ 5 8 4 6 │ 7 4
  ┼────────────────────────┼
 1 6 │ 0 2 4 0 │ 1 5
 4 6 │ 2 2 0 8 │ 4 8
 6 3 │ 4 0 3 2 │ 6 4
 2 3 │ 0 8 2 8 │ 3 6
  ┼────────────────────────┼
 8 6 │ 1 4 6 2 │ 1 7
 6 7 │ 6 6 3 3 │ 9 9

# Square 14  (outer=693695233, inner=873343658768)
TL=(1,9,9,3) TR=(7,6,1,7) BL=(7,1,6,7) BR=(5,2,2,8)
 1 9 │ 1 4 4 4 │ 7 6
 9 3 │ 1 5 8 1 │ 1 7
  ┼────────────────────────┼
 1 1 │ 0 3 4 1 │ 3 1
 4 5 │ 3 0 6 0 │ 6 8
 4 8 │ 4 6 5 6 │ 9 7
 4 1 │ 1 0 6 6 │ 2 6
  ┼────────────────────────┼
 7 1 │ 3 6 9 2 │ 5 2
 6 7 │ 1 8 7 6 │ 2 8

# Square 15  (outer=704266383, inner=893389315566)
TL=(1,9,9,5) TR=(7,8,6,9) BL=(7,6,8,9) BR=(9,8,8,8)
 1 9 │ 1 4 8 2 │ 7 8
 9 5 │ 6 5 5 5 │ 6 9
  ┼────────────────────────┼
 1 6 │ 1 2 3 2 │ 7 7
 4 5 │ 2 1 6 0 │ 4 8
 8 5 │ 3 6 5 5 │ 4 3
 2 5 │ 2 0 5 0 │ 8 2
  ┼────────────────────────┼
 7 6 │ 7 4 4 8 │ 9 8
 8 9 │ 7 8 3 2 │ 8 8

# Square 16  (outer=731121254, inner=941727017648)
TL=(2,1,1,4) TR=(8,4,8,4) BL=(8,8,4,4) BR=(2,7,7,2)
 2 1 │ 1 7 6 4 │ 8 4
 1 4 │ 1 1 7 6 │ 8 4
  ┼────────────────────────┼
 1 1 │ 0 2 5 3 │ 2 3
 7 1 │ 2 2 0 1 │ 3 1
 6 7 │ 5 0 9 2 │ 7 6
 4 6 │ 3 1 2 8 │ 6 8
  ┼────────────────────────┼
 8 8 │ 2 3 7 6 │ 2 7
 4 4 │ 3 1 6 8 │ 7 2

# Square 17  (outer=736547318, inner=945698508074)
TL=(2,1,1,7) TR=(7,4,6,7) BL=(7,6,4,7) BR=(3,4,4,8)
 2 1 │ 1 5 5 4 │ 7 4
 1 7 │ 1 1 3 9 │ 6 7
  ┼────────────────────────┼
 1 1 │ 0 2 4 2 │ 2 2
 5 1 │ 2 6 5 2 │ 5 2
 5 3 │ 4 5 0 5 │ 8 5
 4 9 │ 2 2 5 4 │ 4 6
  ┼────────────────────────┼
 7 6 │ 2 5 8 4 │ 3 4
 4 7 │ 2 2 5 6 │ 4 8

# Square 18  (outer=738234287, inner=947406775722)
TL=(2,1,1,8) TR=(5,4,8,2) BL=(5,8,4,2) BR=(3,4,4,4)
 2 1 │ 1 1 3 4 │ 5 4
 1 8 │ 1 4 7 6 │ 8 2
  ┼────────────────────────┼
 1 1 │ 0 1 2 1 │ 1 1
 1 4 │ 1 3 7 2 │ 9 8
 3 7 │ 2 7 3 8 │ 7 4
 4 6 │ 1 2 8 8 │ 2 8
  ┼────────────────────────┼
 5 8 │ 1 9 7 2 │ 3 4
 4 2 │ 1 8 4 8 │ 4 4

# Square 19  (outer=741696205, inner=950930952493)
TL=(2,1,1,9) TR=(5,9,6,9) BL=(5,6,9,9) BR=(3,2,2,5)
 2 1 │ 1 2 3 9 │ 5 9
 1 9 │ 1 3 1 1 │ 6 9
  ┼────────────────────────┼
 1 1 │ 0 1 3 2 │ 1 2
 2 3 │ 1 7 0 2 │ 7 4
 3 1 │ 3 0 0 7 │ 9 7
 9 1 │ 2 2 7 5 │ 2 5
  ┼────────────────────────┼
 5 6 │ 1 7 9 2 │ 3 2
 9 9 │ 2 4 7 5 │ 2 5

# Square 20  (outer=766903210, inner=967346356805)
TL=(2,1,2,8) TR=(7,5,5,2) BL=(5,6,6,2) BR=(2,2,1,8)
 2 1 │ 1 5 7 5 │ 7 5
 2 8 │ 1 4 5 6 │ 5 2
  ┼────────────────────────┼
 1 1 │ 0 1 2 1 │ 1 1
 2 1 │ 1 1 3 4 │ 5 4
 3 1 │ 2 3 2 5 │ 7 5
 2 6 │ 1 4 5 6 │ 5 6
  ┼────────────────────────┼
 5 6 │ 1 2 3 2 │ 2 2
 6 2 │ 1 1 1 6 │ 1 8

# Square 21  (outer=803792223, inner=995528719895)
TL=(2,1,3,9) TR=(5,4,4,7) BL=(6,8,8,6) BR=(2,3,1,9)
 2 1 │ 1 1 3 4 │ 5 4
 3 9 │ 1 8 3 3 │ 4 7
  ┼────────────────────────┼
 1 1 │ 0 1 2 1 │ 1 1
 5 6 │ 1 0 0 8 │ 1 8
 6 3 │ 2 0 7 9 │ 3 3
 4 4 │ 1 8 9 2 │ 4 3
  ┼────────────────────────┼
 6 8 │ 1 5 6 4 │ 2 3
 8 6 │ 1 6 3 4 │ 1 9

# Square 22  (outer=868109654, inner=1036382561707)
TL=(2,1,5,6) TR=(7,6,6,6) BL=(9,9,9,2) BR=(2,5,1,6)
 2 1 │ 1 5 9 6 │ 7 6
 5 6 │ 3 6 9 6 │ 6 6
  ┼────────────────────────┼
 2 1 │ 0 2 7 3 │ 1 3
 4 4 │ 2 4 6 4 │ 5 6
 7 7 │ 7 6 2 3 │ 9 9
 5 2 │ 3 4 3 2 │ 6 6
  ┼────────────────────────┼
 9 9 │ 2 4 7 5 │ 2 5
 9 2 │ 1 4 7 2 │ 1 6

# Square 23  (outer=884361896, inner=1048480624984)
TL=(2,1,5,9) TR=(7,6,6,5) BL=(9,9,9,4) BR=(2,5,1,9)
 2 1 │ 1 5 9 6 │ 7 6
 5 9 │ 3 8 3 5 │ 6 5
  ┼────────────────────────┼
 2 1 │ 0 2 7 3 │ 1 3
 4 7 │ 2 7 2 6 │ 5 8
 7 8 │ 7 2 5 4 │ 9 3
 5 6 │ 3 6 4 0 │ 6 5
  ┼────────────────────────┼
 9 9 │ 2 4 7 5 │ 2 5
 9 4 │ 1 7 8 6 │ 1 9

# Square 24  (outer=923467006, inner=1077762913061)
TL=(2,1,6,9) TR=(5,5,5,5) BL=(7,6,6,8) BR=(2,6,1,9)
 2 1 │ 1 1 5 5 │ 5 5
 6 9 │ 3 7 9 5 │ 5 5
  ┼────────────────────────┼
 1 1 │ 0 1 4 3 │ 1 3
 9 2 │ 1 5 6 4 │ 1 7
 7 9 │ 4 6 6 1 │ 5 9
 6 2 │ 3 4 1 0 │ 5 5
  ┼────────────────────────┼
 7 6 │ 1 9 7 6 │ 2 6
 6 8 │ 1 2 9 2 │ 1 9

# Square 25  (outer=943016859, inner=1091725378467)
TL=(2,1,7,4) TR=(7,3,3,6) BL=(4,8,8,9) BR=(2,7,1,4)
 2 1 │ 1 5 3 3 │ 7 3
 7 4 │ 2 6 6 4 │ 3 6
  ┼────────────────────────┼
 1 1 │ 0 1 3 2 │ 1 2
 2 2 │ 1 2 3 2 │ 5 6
 9 4 │ 3 3 8 4 │ 3 6
 6 6 │ 2 2 4 4 │ 3 4
  ┼────────────────────────┼
 4 8 │ 1 2 9 6 │ 2 7
 8 9 │ 1 2 4 6 │ 1 4

# Square 26  (outer=1002257967, inner=1142822597462)
TL=(2,1,8,7) TR=(7,4,4,2) BL=(4,6,6,9) BR=(2,8,1,7)
 2 1 │ 1 5 5 4 │ 7 4
 8 7 │ 3 6 5 4 │ 4 2
  ┼────────────────────────┼
 1 1 │ 0 1 4 3 │ 1 3
 2 1 │ 1 1 7 6 │ 5 6
 8 7 │ 4 7 8 5 │ 5 5
 8 3 │ 3 6 5 2 │ 4 4
  ┼────────────────────────┼
 4 6 │ 1 2 8 8 │ 2 8
 6 9 │ 1 1 7 3 │ 1 7

# Square 27  (outer=1004845394, inner=1145824012781)
TL=(2,1,8,7) TR=(9,2,2,5) BL=(4,6,6,8) BR=(2,8,1,7)
 2 1 │ 1 9 3 2 │ 9 2
 8 7 │ 2 1 7 5 │ 2 5
  ┼────────────────────────┼
 1 1 │ 0 1 3 2 │ 1 2
 2 1 │ 1 9 1 1 │ 9 1
 8 5 │ 3 1 4 5 │ 3 7
 8 6 │ 2 1 5 0 │ 2 5
  ┼────────────────────────┼
 4 6 │ 1 2 8 8 │ 2 8
 6 8 │ 1 1 5 6 │ 1 7

# Square 28  (outer=1070771191, inner=1216641830728)
TL=(2,2,1,8) TR=(5,6,6,2) BL=(7,5,5,2) BR=(2,1,2,8)
 2 2 │ 1 2 3 2 │ 5 6
 1 8 │ 1 1 1 6 │ 6 2
  ┼────────────────────────┼
 1 1 │ 0 1 2 1 │ 1 1
 5 4 │ 1 1 3 4 │ 2 1
 7 5 │ 2 3 2 5 │ 3 1
 5 6 │ 1 4 5 6 │ 2 6
  ┼────────────────────────┼
 7 5 │ 1 5 7 5 │ 2 1
 5 2 │ 1 4 5 6 │ 2 8

# Square 29  (outer=1083148027, inner=1233107052116)
TL=(2,2,2,3) TR=(5,9,9,3) BL=(5,9,9,3) BR=(2,7,7,4)
 2 2 │ 1 2 9 8 │ 5 9
 2 3 │ 2 1 3 9 │ 9 3
  ┼────────────────────────┼
 1 2 │ 0 1 9 2 │ 1 6
 2 1 │ 1 2 1 8 │ 5 8
 9 3 │ 9 1 1 4 │ 9 8
 8 9 │ 2 8 4 8 │ 3 2
  ┼────────────────────────┼
 5 9 │ 1 5 9 3 │ 2 7
 9 3 │ 6 8 8 2 │ 7 4

# Square 30  (outer=1083739732, inner=1233849050433)
TL=(2,2,2,3) TR=(6,9,6,5) BL=(6,6,9,5) BR=(5,8,8,3)
 2 2 │ 1 5 1 8 │ 6 9
 2 3 │ 1 4 9 5 │ 6 5
  ┼────────────────────────┼
 1 1 │ 0 4 0 7 │ 3 7
 5 4 │ 4 7 5 2 │ 8 8
 1 9 │ 0 5 3 2 │ 2 8
 8 5 │ 7 2 2 5 │ 8 5
  ┼────────────────────────┼
 6 6 │ 3 8 2 8 │ 5 8
 9 5 │ 7 8 8 5 │ 8 3

# Square 31  (outer=1095568072, inner=1247970157875)
TL=(2,2,2,7) TR=(5,8,8,8) BL=(5,8,8,8) BR=(3,2,2,8)
 2 2 │ 1 2 7 6 │ 5 8
 2 7 │ 2 3 7 6 │ 8 8
  ┼────────────────────────┼
 1 2 │ 0 1 4 4 │ 1 2
 2 3 │ 1 9 3 2 │ 8 4
 7 7 │ 4 3 1 2 │ 5 6
 6 6 │ 4 2 2 4 │ 6 4
  ┼────────────────────────┼
 5 8 │ 1 8 5 6 │ 3 2
 8 8 │ 2 4 6 4 │ 2 8

# Square 32  (outer=1096358771, inner=1249144346208)
TL=(2,2,2,7) TR=(6,8,9,3) BL=(6,9,8,3) BR=(5,7,7,8)
 2 2 │ 1 4 9 6 │ 6 8
 2 7 │ 2 5 1 1 │ 9 3
  ┼────────────────────────┼
 1 2 │ 0 4 3 2 │ 3 6
 4 5 │ 4 2 3 0 │ 9 4
 9 1 │ 3 3 6 7 │ 3 7
 6 1 │ 2 0 7 4 │ 3 4
  ┼────────────────────────┼
 6 9 │ 3 9 3 3 │ 5 7
 8 3 │ 6 4 7 4 │ 7 8

# Square 33  (outer=1096836458, inner=1249853711611)
TL=(2,2,2,7) TR=(7,6,6,8) BL=(7,6,6,8) BR=(3,1,1,8)
 2 2 │ 1 6 7 2 │ 7 6
 2 7 │ 1 8 3 6 │ 6 8
  ┼────────────────────────┼
 1 1 │ 0 2 3 1 │ 2 1
 6 8 │ 2 1 7 6 │ 3 2
 7 3 │ 3 7 9 6 │ 5 2
 2 6 │ 1 6 6 4 │ 6 4
  ┼────────────────────────┼
 7 6 │ 2 3 5 6 │ 3 1
 6 8 │ 1 2 2 4 │ 1 8

# Square 34  (outer=1097631815, inner=1251034817052)
TL=(2,2,2,7) TR=(8,6,4,4) BL=(8,4,6,4) BR=(4,1,1,9)
 2 2 │ 1 8 9 2 │ 8 6
 2 7 │ 1 1 8 8 │ 4 4
  ┼────────────────────────┼
 1 1 │ 0 3 4 1 │ 3 1
 8 1 │ 3 4 0 2 │ 4 2
 9 8 │ 4 0 1 8 │ 4 1
 2 8 │ 1 2 8 8 │ 4 6
  ┼────────────────────────┼
 8 4 │ 3 4 4 4 │ 4 1
 6 4 │ 1 2 1 6 │ 1 9

# Square 35  (outer=1098911844, inner=1252908347466)
TL=(2,2,2,8) TR=(5,3,7,1) BL=(5,7,3,1) BR=(2,9,9,3)
 2 2 │ 1 1 6 6 │ 5 3
 2 8 │ 1 9 8 8 │ 7 1
  ┼────────────────────────┼
 1 1 │ 0 1 3 2 │ 1 2
 1 9 │ 1 2 9 2 │ 6 8
 6 8 │ 3 9 4 4 │ 5 8
 6 8 │ 2 2 4 4 │ 3 3
  ┼────────────────────────┼
 5 7 │ 1 6 5 3 │ 2 9
 3 1 │ 2 8 8 3 │ 9 3

# Square 36  (outer=1100291284, inner=1254729208773)
TL=(2,2,2,8) TR=(7,1,5,2) BL=(7,5,1,2) BR=(4,9,9,7)
 2 2 │ 1 5 6 2 │ 7 1
 2 8 │ 1 4 5 6 │ 5 2
  ┼────────────────────────┼
 1 1 │ 0 3 4 1 │ 3 1
 5 4 │ 3 2 9 4 │ 6 1
 6 5 │ 4 9 4 0 │ 7 6
 2 6 │ 1 4 0 4 │ 5 4
  ┼────────────────────────┼
 7 5 │ 3 6 7 5 │ 4 9
 1 2 │ 1 1 6 4 │ 9 7

# Square 37  (outer=1105369270, inner=1262228102176)
TL=(2,2,2,9) TR=(8,6,4,3) BL=(8,4,6,3) BR=(4,1,1,9)
 2 2 │ 1 8 9 2 │ 8 6
 2 9 │ 1 2 4 7 │ 4 3
  ┼────────────────────────┼
 1 1 │ 0 3 4 1 │ 3 1
 8 2 │ 3 3 6 2 │ 4 1
 9 4 │ 4 6 0 6 │ 4 9
 2 7 │ 1 2 6 9 │ 4 7
  ┼────────────────────────┼
 8 4 │ 3 4 4 4 │ 4 1
 6 3 │ 1 1 9 7 │ 1 9

# Square 38  (outer=1144012681, inner=1319179949449)
TL=(2,2,4,1) TR=(5,3,3,7) BL=(6,8,8,3) BR=(2,4,2,1)
 2 2 │ 1 1 6 6 │ 5 3
 4 1 │ 1 5 1 7 │ 3 7
  ┼────────────────────────┼
 1 1 │ 0 1 2 1 │ 1 1
 6 7 │ 1 0 0 5 │ 1 5
 3 4 │ 2 0 7 4 │ 6 1
 2 3 │ 1 5 4 1 │ 6 7
  ┼────────────────────────┼
 6 8 │ 1 6 3 2 │ 2 4
 8 3 │ 1 7 4 3 │ 2 1

# Square 39  (outer=1154390547, inner=1332107142322)
TL=(2,2,4,3) TR=(6,6,6,6) BL=(5,7,7,9) BR=(2,4,2,3)
 2 2 │ 1 4 5 2 │ 6 6
 4 3 │ 2 8 3 8 │ 6 6
  ┼────────────────────────┼
 1 1 │ 0 1 3 2 │ 1 2
 3 8 │ 1 8 2 4 │ 4 8
 6 1 │ 3 2 3 3 │ 5 3
 8 7 │ 2 4 3 6 │ 2 8
  ┼────────────────────────┼
 5 7 │ 1 3 6 8 │ 2 4
 7 9 │ 1 8 1 7 │ 2 3

# Square 40  (outer=1249234408, inner=1448674470606)
TL=(2,2,6,5) TR=(7,2,2,1) BL=(4,7,7,1) BR=(2,6,2,5)
 2 2 │ 1 5 8 4 │ 7 2
 6 5 │ 1 3 6 5 │ 2 1
  ┼────────────────────────┼
 1 1 │ 0 1 2 1 │ 1 1
 2 7 │ 1 4 3 1 │ 5 3
 2 7 │ 2 3 2 2 │ 8 6
 2 5 │ 1 1 2 5 │ 4 5
  ┼────────────────────────┼
 4 7 │ 1 2 2 2 │ 2 6
 7 1 │ 1 7 7 5 │ 2 5

# Square 41  (outer=1256027347, inner=1458715696063)
TL=(2,2,6,7) TR=(5,4,4,1) BL=(6,7,7,1) BR=(2,6,2,7)
 2 2 │ 1 1 8 8 │ 5 4
 6 7 │ 2 7 4 7 │ 4 1
  ┼────────────────────────┼
 1 1 │ 0 1 3 2 │ 1 2
 7 9 │ 1 3 4 3 │ 1 7
 4 1 │ 3 4 4 4 │ 8 4
 2 7 │ 2 3 4 9 │ 8 7
  ┼────────────────────────┼
 6 7 │ 1 7 4 2 │ 2 6
 7 1 │ 1 9 1 7 │ 2 7

# Square 42  (outer=1355510736, inner=1622471434249)
TL=(2,2,8,8) TR=(5,2,2,2) BL=(6,7,7,8) BR=(2,8,2,8)
 2 2 │ 1 1 4 4 │ 5 2
 8 8 │ 1 9 3 6 │ 2 2
  ┼────────────────────────┼
 1 2 │ 0 1 3 2 │ 1 1
 8 1 │ 1 5 3 9 │ 1 9
 7 8 │ 3 3 5 4 │ 4 3
 6 4 │ 2 9 4 4 │ 4 6
  ┼────────────────────────┼
 6 7 │ 1 8 7 6 │ 2 8
 7 8 │ 2 1 8 4 │ 2 8

# Square 43  (outer=1369150656, inner=1646327109780)
TL=(2,2,9,1) TR=(7,2,2,6) BL=(8,5,5,8) BR=(2,9,2,1)
 2 2 │ 1 5 8 4 │ 7 2
 9 1 │ 2 3 6 6 │ 2 6
  ┼────────────────────────┼
 2 1 │ 0 2 5 2 │ 1 2
 4 2 │ 2 2 2 6 │ 5 3
 6 1 │ 5 2 4 6 │ 8 6
 5 8 │ 2 6 6 8 │ 4 6
  ┼────────────────────────┼
 8 5 │ 2 4 6 5 │ 2 9
 5 8 │ 1 2 1 8 │ 2 1

# Square 44  (outer=1373519488, inner=1653554728672)
TL=(2,2,9,2) TR=(6,1,1,7) BL=(9,6,6,6) BR=(2,9,2,2)
 2 2 │ 1 3 4 2 │ 6 1
 9 2 │ 1 5 6 4 │ 1 7
  ┼────────────────────────┼
 2 1 │ 0 2 3 1 │ 1 1
 7 4 │ 2 5 9 0 │ 3 5
 8 5 │ 3 9 1 0 │ 4 6
 4 2 │ 1 0 0 8 │ 2 4
  ┼────────────────────────┼
 9 6 │ 2 7 8 4 │ 2 9
 6 6 │ 1 4 5 2 │ 2 2

# Square 45  (outer=1386616584, inner=1676154489711)
TL=(2,2,9,4) TR=(8,1,1,7) BL=(7,7,7,7) BR=(2,9,2,4)
 2 2 │ 1 7 8 2 │ 8 1
 9 4 │ 1 5 9 8 │ 1 7
  ┼────────────────────────┼
 2 1 │ 0 2 3 1 │ 1 1
 2 8 │ 2 1 0 0 │ 7 5
 3 4 │ 3 0 2 6 │ 8 9
 3 8 │ 1 0 6 4 │ 2 8
  ┼────────────────────────┼
 7 7 │ 2 2 3 3 │ 2 9
 7 7 │ 1 8 4 8 │ 2 4

# Square 46  (outer=1429011068, inner=1754202747538)
TL=(2,3,1,9) TR=(6,8,8,6) BL=(5,4,4,7) BR=(2,1,3,9)
 2 3 │ 1 5 6 4 │ 6 8
 1 9 │ 1 6 3 4 │ 8 6
  ┼────────────────────────┼
 1 1 │ 0 1 2 1 │ 1 1
 1 8 │ 1 0 0 8 │ 5 6
 3 3 │ 2 0 7 9 │ 6 3
 4 3 │ 1 8 9 2 │ 4 4
  ┼────────────────────────┼
 5 4 │ 1 1 3 4 │ 2 1
 4 7 │ 1 8 3 3 │ 3 9

# Square 47  (outer=1475826001, inner=1828389961200)
TL=(2,3,3,3) TR=(5,8,8,6) BL=(6,5,5,7) BR=(2,3,3,3)
 2 3 │ 1 3 3 4 │ 5 8
 3 3 │ 2 8 3 8 │ 8 6
  ┼────────────────────────┼
 1 1 │ 0 1 3 2 │ 1 2
 4 8 │ 1 8 2 4 │ 3 8
 9 8 │ 3 2 3 4 │ 3 3
 5 1 │ 2 4 4 8 │ 4 8
  ┼────────────────────────┼
 6 5 │ 1 4 9 5 │ 2 3
 5 7 │ 1 8 8 1 │ 3 3

# Square 48  (outer=1476359310, inner=1829322185120)
TL=(2,3,3,3) TR=(6,5,5,7) BL=(5,8,8,6) BR=(2,3,3,3)
 2 3 │ 1 4 9 5 │ 6 5
 3 3 │ 1 8 8 1 │ 5 7
  ┼────────────────────────┼
 1 2 │ 0 1 3 2 │ 1 1
 3 8 │ 1 8 2 4 │ 4 8
 3 3 │ 3 2 3 4 │ 9 8
 4 8 │ 2 4 4 8 │ 5 1
  ┼────────────────────────┼
 5 8 │ 1 3 3 4 │ 2 3
 8 6 │ 2 8 3 8 │ 3 3

# Square 49  (outer=1483690162, inner=1842300111289)
TL=(2,3,3,4) TR=(9,3,8,7) BL=(9,8,3,7) BR=(9,4,4,9)
 2 3 │ 2 1 3 9 │ 9 3
 3 4 │ 2 9 5 8 │ 8 7
  ┼────────────────────────┼
 2 2 │ 2 0 0 2 │ 9 1
 1 9 │ 0 5 3 2 │ 2 8
 3 5 │ 0 3 8 5 │ 1 1
 9 8 │ 2 2 5 4 │ 2 3
  ┼────────────────────────┼
 9 8 │ 9 2 1 2 │ 9 4
 3 7 │ 1 8 1 3 │ 4 9

# Square 50  (outer=1491682630, inner=1854379800798)
TL=(2,3,3,6) TR=(9,3,8,1) BL=(9,8,3,1) BR=(9,4,4,8)
 2 3 │ 2 1 3 9 │ 9 3
 3 6 │ 2 9 1 6 │ 8 1
  ┼────────────────────────┼
 2 2 │ 2 0 0 2 │ 9 1
 1 9 │ 0 4 5 6 │ 2 4
 3 1 │ 0 5 5 8 │ 1 8
 9 6 │ 2 6 8 8 │ 2 8
  ┼────────────────────────┼
 9 8 │ 9 2 1 2 │ 9 4
 3 1 │ 1 4 8 8 │ 4 8

# Square 51  (outer=1665079431, inner=2138233140079)
TL=(2,3,7,2) TR=(6,6,6,3) BL=(9,7,7,7) BR=(2,7,3,2)
 2 3 │ 1 5 1 8 │ 6 6
 7 2 │ 4 5 3 6 │ 6 3
  ┼────────────────────────┼
 2 2 │ 0 3 0 8 │ 1 4
 6 4 │ 3 5 2 0 │ 5 5
 1 6 │ 0 2 0 8 │ 1 3
 9 4 │ 8 0 8 4 │ 8 6
  ┼────────────────────────┼
 9 7 │ 2 6 1 9 │ 2 7
 7 7 │ 2 4 6 4 │ 3 2

# Square 52  (outer=1683070714, inner=2173800939636)
TL=(2,3,7,5) TR=(6,9,9,3) BL=(4,4,4,9) BR=(2,7,3,5)
 2 3 │ 1 5 8 7 │ 6 9
 7 5 │ 6 9 7 5 │ 9 3
  ┼────────────────────────┼
 1 1 │ 0 1 7 6 │ 1 6
 1 7 │ 1 0 0 3 │ 5 9
 8 1 │ 7 0 4 7 │ 8 7
 8 5 │ 6 3 7 5 │ 7 5
  ┼────────────────────────┼
 4 4 │ 1 1 8 8 │ 2 7
 4 9 │ 1 7 1 5 │ 3 5

# Square 53  (outer=1689171027, inner=2184797180174)
TL=(2,3,7,6) TR=(7,8,8,2) BL=(9,5,5,9) BR=(2,7,3,6)
 2 3 │ 1 7 9 4 │ 7 8
 7 6 │ 6 2 3 2 │ 8 2
  ┼────────────────────────┼
 2 2 │ 0 3 5 2 │ 1 6
 5 1 │ 3 6 7 2 │ 7 2
 6 2 │ 5 7 6 6 │ 9 3
 5 4 │ 2 2 6 8 │ 4 2
  ┼────────────────────────┼
 9 5 │ 2 5 6 5 │ 2 7
 5 9 │ 2 1 2 4 │ 3 6

# Square 54  (outer=1759656525, inner=2323299731101)
TL=(2,3,8,9) TR=(5,8,8,2) BL=(5,9,9,4) BR=(2,8,3,9)
 2 3 │ 1 3 3 4 │ 5 8
 8 9 │ 7 2 9 8 │ 8 2
  ┼────────────────────────┼
 1 3 │ 0 2 2 1 │ 1 7
 6 6 │ 2 1 1 2 │ 3 2
 5 6 │ 2 1 8 4 │ 3 9
 2 6 │ 1 2 4 8 │ 4 8
  ┼────────────────────────┼
 5 9 │ 1 6 5 2 │ 2 8
 9 4 │ 3 6 6 6 │ 3 9

# Square 55  (outer=1836421702, inner=2485842091726)
TL=(2,4,2,1) TR=(6,8,8,3) BL=(5,3,3,7) BR=(2,2,4,1)
 2 4 │ 1 6 3 2 │ 6 8
 2 1 │ 1 7 4 3 │ 8 3
  ┼────────────────────────┼
 1 1 │ 0 1 2 1 │ 1 1
 1 5 │ 1 0 0 5 │ 6 7
 6 1 │ 2 0 7 4 │ 3 4
 6 7 │ 1 5 4 1 │ 2 3
  ┼────────────────────────┼
 5 3 │ 1 1 6 6 │ 2 2
 3 7 │ 1 5 1 7 │ 4 1

# Square 56  (outer=1842135287, inner=2495319756131)
TL=(2,4,2,3) TR=(5,7,7,9) BL=(6,6,6,6) BR=(2,2,4,3)
 2 4 │ 1 3 6 8 │ 5 7
 2 3 │ 1 8 1 7 │ 7 9
  ┼────────────────────────┼
 1 2 │ 0 1 3 2 │ 1 1
 4 8 │ 1 8 2 4 │ 3 8
 5 3 │ 3 2 3 3 │ 6 1
 2 8 │ 2 4 3 6 │ 8 7
  ┼────────────────────────┼
 6 6 │ 1 4 5 2 │ 2 2
 6 6 │ 2 8 3 8 │ 4 3

# Square 57  (outer=1907363723, inner=2614366556849)
TL=(2,4,4,1) TR=(5,2,5,6) BL=(5,5,2,6) BR=(2,9,9,6)
 2 4 │ 1 2 4 8 │ 5 2
 4 1 │ 2 2 9 6 │ 5 6
  ┼────────────────────────┼
 1 2 │ 0 1 4 4 │ 1 2
 2 2 │ 1 1 8 8 │ 5 4
 4 9 │ 4 8 5 1 │ 9 9
 8 6 │ 4 8 1 6 │ 5 6
  ┼────────────────────────┼
 5 5 │ 1 5 9 5 │ 2 9
 2 6 │ 2 4 9 6 │ 9 6

# Square 58  (outer=1915502216, inner=2629281495803)
TL=(2,4,4,2) TR=(8,8,7,7) BL=(8,7,8,7) BR=(9,8,8,3)
 2 4 │ 2 1 1 2 │ 8 8
 4 2 │ 3 2 3 4 │ 7 7
  ┼────────────────────────┼
 2 3 │ 2 0 0 1 │ 8 7
 1 2 │ 0 6 2 4 │ 5 2
 1 3 │ 0 2 8 6 │ 2 2
 2 4 │ 1 4 6 4 │ 6 1
  ┼────────────────────────┼
 8 7 │ 8 5 2 6 │ 9 8
 8 7 │ 7 2 2 1 │ 8 3

# Square 59  (outer=1923726159, inner=2644851162480)
TL=(2,4,4,4) TR=(6,6,8,3) BL=(6,8,6,3) BR=(3,7,7,4)
 2 4 │ 1 5 8 4 │ 6 6
 4 4 │ 3 6 5 2 │ 8 3
  ┼────────────────────────┼
 1 3 │ 0 3 1 2 │ 2 4
 5 6 │ 3 1 3 6 │ 5 6
 8 5 │ 1 3 6 0 │ 1 6
 4 2 │ 2 6 0 4 │ 6 2
  ┼────────────────────────┼
 6 8 │ 2 5 1 6 │ 3 7
 6 3 │ 4 6 6 2 │ 7 4

# Square 60  (outer=1933219048, inner=2659721331280)
TL=(2,4,4,6) TR=(8,8,6,9) BL=(8,6,8,9) BR=(9,8,8,9)
 2 4 │ 2 1 1 2 │ 8 8
 4 6 │ 3 1 7 4 │ 6 9
  ┼────────────────────────┼
 2 3 │ 2 0 0 1 │ 8 7
 1 1 │ 0 5 3 9 │ 4 9
 1 7 │ 0 3 7 4 │ 2 2
 2 4 │ 1 9 4 4 │ 8 1
  ┼────────────────────────┼
 8 6 │ 8 4 2 8 │ 9 8
 8 9 │ 7 9 2 1 │ 8 9

# Square 61  (outer=1934147292, inner=2661358754021)
TL=(2,4,4,6) TR=(9,9,4,1) BL=(9,4,9,1) BR=(7,4,4,8)
 2 4 │ 2 3 7 6 │ 9 9
 4 6 │ 1 8 8 6 │ 4 1
  ┼────────────────────────┼
 2 1 │ 1 3 4 4 │ 6 4
 3 8 │ 3 5 3 4 │ 9 3
 7 8 │ 4 3 6 8 │ 5 6
 6 6 │ 4 4 8 8 │ 6 8
  ┼────────────────────────┼
 9 4 │ 6 9 5 6 │ 7 4
 9 1 │ 4 3 6 8 │ 4 8

# Square 62  (outer=1934796718, inner=2662637257729)
TL=(2,4,4,7) TR=(5,2,2,8) BL=(7,3,3,6) BR=(2,4,4,7)
 2 4 │ 1 2 4 8 │ 5 2
 4 7 │ 1 3 1 6 │ 2 8
  ┼────────────────────────┼
 1 1 │ 0 1 2 1 │ 1 1
 7 6 │ 1 7 4 8 │ 2 3
 5 9 │ 2 4 1 9 │ 4 1
 2 2 │ 1 8 9 2 │ 8 6
  ┼────────────────────────┼
 7 3 │ 1 7 5 2 │ 2 4
 3 6 │ 1 6 9 2 │ 4 7

# Square 63  (outer=1934833947, inner=2662712310567)
TL=(2,4,4,7) TR=(5,2,5,6) BL=(5,5,2,6) BR=(2,9,9,4)
 2 4 │ 1 2 4 8 │ 5 2
 4 7 │ 2 6 3 2 │ 5 6
  ┼────────────────────────┼
 1 2 │ 0 1 4 4 │ 1 2
 2 6 │ 1 4 0 4 │ 5 4
 4 3 │ 4 0 4 2 │ 9 4
 8 2 │ 4 4 2 8 │ 5 4
  ┼────────────────────────┼
 5 5 │ 1 5 9 5 │ 2 9
 2 6 │ 2 4 4 4 │ 9 4

# Square 64  (outer=1936946347, inner=2666970908947)
TL=(2,4,4,7) TR=(7,3,3,6) BL=(5,2,2,8) BR=(2,4,4,7)
 2 4 │ 1 7 5 2 │ 7 3
 4 7 │ 1 6 9 2 │ 3 6
  ┼────────────────────────┼
 1 1 │ 0 1 2 1 │ 1 1
 2 3 │ 1 7 4 8 │ 7 6
 4 1 │ 2 4 1 9 │ 5 9
 8 6 │ 1 8 9 2 │ 2 2
  ┼────────────────────────┼
 5 2 │ 1 2 4 8 │ 2 4
 2 8 │ 1 3 1 6 │ 4 7

# Square 65  (outer=1937082104, inner=2667244595957)
TL=(2,4,4,7) TR=(7,4,3,1) BL=(7,3,4,1) BR=(6,4,4,1)
 2 4 │ 1 7 7 6 │ 7 4
 4 7 │ 1 4 5 7 │ 3 1
  ┼────────────────────────┼
 1 1 │ 0 4 5 1 │ 4 1
 7 4 │ 4 8 8 4 │ 6 6
 7 5 │ 5 8 5 0 │ 7 8
 6 7 │ 1 4 0 7 │ 2 1
  ┼────────────────────────┼
 7 3 │ 4 6 7 2 │ 6 4
 4 1 │ 1 6 8 1 │ 4 1

# Square 66  (outer=1940036385, inner=2673084954326)
TL=(2,4,4,8) TR=(5,2,5,8) BL=(5,5,2,8) BR=(2,7,7,7)
 2 4 │ 1 2 4 8 │ 5 2
 4 8 │ 2 7 8 4 │ 5 8
  ┼────────────────────────┼
 1 2 │ 0 1 4 4 │ 1 2
 2 7 │ 1 1 0 7 │ 4 1
 4 8 │ 4 0 8 0 │ 8 5
 8 4 │ 4 7 0 4 │ 5 6
  ┼────────────────────────┼
 5 5 │ 1 4 8 5 │ 2 7
 2 8 │ 2 1 5 6 │ 7 7

# Square 67  (outer=1948012009, inner=2688216464465)
TL=(2,4,4,9) TR=(7,9,6,9) BL=(7,6,9,9) BR=(6,1,1,7)
 2 4 │ 1 8 9 6 │ 7 9
 4 9 │ 3 3 8 1 │ 6 9
  ┼────────────────────────┼
 1 3 │ 0 5 3 3 │ 4 1
 8 3 │ 5 4 7 8 │ 6 6
 9 8 │ 3 7 2 4 │ 3 8
 6 1 │ 3 8 4 3 │ 6 3
  ┼────────────────────────┼
 7 6 │ 4 6 3 6 │ 6 1
 9 9 │ 1 6 8 3 │ 1 7

# Square 68  (outer=1949044544, inner=2690298055467)
TL=(2,4,4,9) TR=(9,4,6,1) BL=(9,6,4,1) BR=(5,6,6,5)
 2 4 │ 2 2 5 6 │ 9 4
 4 9 │ 2 9 8 9 │ 6 1
  ┼────────────────────────┼
 2 2 │ 1 1 4 4 │ 5 2
 2 9 │ 1 0 4 4 │ 3 6
 5 8 │ 4 4 0 8 │ 7 6
 6 9 │ 4 4 8 5 │ 6 5
  ┼────────────────────────┼
 9 6 │ 5 3 7 6 │ 5 6
 4 1 │ 2 6 6 5 │ 6 5

# Square 69  (outer=2030019846, inner=2820099354580)
TL=(2,4,6,7) TR=(7,8,8,9) BL=(9,4,4,6) BR=(2,6,4,7)
 2 4 │ 1 8 7 2 │ 7 8
 6 7 │ 5 9 6 3 │ 8 9
  ┼────────────────────────┼
 2 2 │ 0 3 3 0 │ 1 5
 4 1 │ 3 6 4 9 │ 8 9
 4 6 │ 3 4 9 6 │ 7 6
 4 2 │ 0 9 6 6 │ 2 3
  ┼────────────────────────┼
 9 4 │ 2 4 4 4 │ 2 6
 4 6 │ 2 1 6 2 │ 4 7

# Square 70  (outer=2083214165, inner=2937844643474)
TL=(2,4,7,8) TR=(5,4,4,1) BL=(7,2,2,6) BR=(2,7,4,8)
 2 4 │ 1 2 9 6 │ 5 4
 7 8 │ 3 1 9 8 │ 4 1
  ┼────────────────────────┼
 1 1 │ 0 1 4 3 │ 1 3
 9 2 │ 1 9 3 2 │ 2 1
 4 4 │ 4 3 5 6 │ 9 9
 4 8 │ 3 2 6 4 │ 6 8
  ┼────────────────────────┼
 7 2 │ 1 9 4 4 │ 2 7
 2 6 │ 1 2 4 8 │ 4 8

# Square 71  (outer=2107261458, inner=2990870659806)
TL=(2,4,8,3) TR=(6,1,1,9) BL=(4,4,4,4) BR=(2,8,4,3)
 2 4 │ 1 4 6 4 │ 6 1
 8 3 │ 1 5 7 7 │ 1 9
  ┼────────────────────────┼
 1 1 │ 0 1 2 1 │ 1 1
 2 8 │ 1 2 6 0 │ 4 5
 3 9 │ 2 6 1 3 │ 6 7
 2 2 │ 1 0 3 4 │ 4 7
  ┼────────────────────────┼
 4 4 │ 1 2 3 2 │ 2 8
 4 4 │ 1 8 9 2 │ 4 3

# Square 72  (outer=2112847132, inner=3002800176361)
TL=(2,4,8,4) TR=(5,8,8,9) BL=(5,8,8,7) BR=(2,8,4,4)
 2 4 │ 1 3 9 2 │ 5 8
 8 4 │ 7 4 7 6 │ 8 9
  ┼────────────────────────┼
 1 3 │ 0 2 2 1 │ 1 7
 6 8 │ 2 3 1 2 │ 3 4
 2 2 │ 2 1 3 4 │ 9 7
 4 8 │ 1 2 4 8 │ 2 6
  ┼────────────────────────┼
 5 8 │ 1 6 2 4 │ 2 8
 8 7 │ 3 8 2 8 │ 4 4

# Square 73  (outer=2113062589, inner=3003222471513)
TL=(2,4,8,4) TR=(6,1,1,9) BL=(4,4,4,3) BR=(2,8,4,4)
 2 4 │ 1 4 6 4 │ 6 1
 8 4 │ 1 5 9 6 │ 1 9
  ┼────────────────────────┼
 1 1 │ 0 1 2 1 │ 1 1
 2 8 │ 1 2 6 0 │ 4 5
 3 9 │ 2 6 9 1 │ 6 9
 2 2 │ 1 0 1 2 │ 4 6
  ┼────────────────────────┼
 4 4 │ 1 2 3 2 │ 2 8
 4 3 │ 1 8 9 2 │ 4 4

# Square 74  (outer=2199257217, inner=3195941374877)
TL=(2,5,1,6) TR=(9,9,9,2) BL=(7,6,6,6) BR=(2,1,5,6)
 2 5 │ 2 4 7 5 │ 9 9
 1 6 │ 1 4 7 2 │ 9 2
  ┼────────────────────────┼
 1 3 │ 0 2 7 3 │ 2 1
 5 6 │ 2 4 6 4 │ 4 4
 9 9 │ 7 6 2 3 │ 7 7
 6 6 │ 3 4 3 2 │ 5 2
  ┼────────────────────────┼
 7 6 │ 1 5 9 6 │ 2 1
 6 6 │ 3 6 9 6 │ 5 6

# Square 75  (outer=2206026414, inner=3209474809529)
TL=(2,5,1,9) TR=(9,9,9,4) BL=(7,6,6,5) BR=(2,1,5,9)
 2 5 │ 2 4 7 5 │ 9 9
 1 9 │ 1 7 8 6 │ 9 4
  ┼────────────────────────┼
 1 3 │ 0 2 7 3 │ 2 1
 5 8 │ 2 7 2 6 │ 4 7
 9 3 │ 7 2 5 4 │ 7 8
 6 5 │ 3 6 4 0 │ 5 6
  ┼────────────────────────┼
 7 6 │ 1 5 9 6 │ 2 1
 6 5 │ 3 8 3 5 │ 5 9

# Square 76  (outer=2289411800, inner=3372224411387)
TL=(2,5,5,1) TR=(4,7,3,4) BL=(4,3,7,4) BR=(4,6,6,1)
 2 5 │ 1 1 7 5 │ 4 7
 5 1 │ 1 7 3 4 │ 3 4
  ┼────────────────────────┼
 1 1 │ 0 1 5 4 │ 1 4
 1 7 │ 1 6 1 5 │ 9 5
 7 3 │ 5 1 8 3 │ 7 1
 5 4 │ 4 5 3 6 │ 8 4
  ┼────────────────────────┼
 4 3 │ 1 9 7 8 │ 4 6
 7 4 │ 4 5 1 4 │ 6 1

# DONE: found=76  outer=2301251260  inner=3389957318374  time=67039s
