# Searching TL indices [5460, 6006)
# Square 1  (outer=15087013, inner=46712185580)
TL=(8,5,5,1) TR=(5,5,9,1) BL=(5,9,5,1) BR=(3,6,6,4)
 8 5 │ 4 6 7 5 │ 5 5
 5 1 │ 4 6 4 1 │ 9 1
  ┼────────────────────────┼
 4 4 │ 1 0 1 2 │ 2 3
 6 6 │ 0 7 9 2 │ 1 2
 7 4 │ 1 9 2 4 │ 2 6
 5 1 │ 2 2 4 4 │ 4 4
  ┼────────────────────────┼
 5 9 │ 2 1 2 4 │ 3 6
 5 1 │ 3 2 6 4 │ 6 4

# Square 2  (outer=16277519, inner=49337251751)
TL=(8,5,5,1) TR=(7,5,9,1) BL=(7,9,5,1) BR=(7,2,2,8)
 8 5 │ 6 3 7 5 │ 7 5
 5 1 │ 4 6 4 1 │ 9 1
  ┼────────────────────────┼
 6 4 │ 3 2 6 4 │ 5 1
 3 6 │ 2 3 0 4 │ 6 4
 7 4 │ 6 0 6 8 │ 8 2
 5 1 │ 4 4 8 8 │ 8 8
  ┼────────────────────────┼
 7 9 │ 5 6 8 8 │ 7 2
 5 1 │ 1 4 2 8 │ 2 8

# Square 3  (outer=29187814, inner=74352265643)
TL=(8,5,5,4) TR=(6,7,4,1) BL=(6,4,7,1) BR=(3,1,1,9)
 8 5 │ 5 6 9 5 │ 6 7
 5 4 │ 2 2 1 4 │ 4 1
  ┼────────────────────────┼
 5 2 │ 0 5 7 2 │ 1 1
 6 2 │ 5 7 6 6 │ 9 3
 9 1 │ 7 6 4 4 │ 8 4
 5 4 │ 2 6 4 6 │ 4 9
  ┼────────────────────────┼
 6 4 │ 1 9 8 4 │ 3 1
 7 1 │ 1 3 4 9 │ 1 9

# Square 4  (outer=40444190, inner=93601153694)
TL=(8,5,5,7) TR=(6,5,9,1) BL=(6,9,5,1) BR=(3,9,9,1)
 8 5 │ 5 5 2 5 │ 6 5
 5 7 │ 5 1 8 7 │ 9 1
  ┼────────────────────────┼
 5 5 │ 1 3 2 0 │ 2 4
 5 1 │ 3 3 6 6 │ 6 6
 2 8 │ 2 6 3 2 │ 9 4
 5 7 │ 0 6 2 7 │ 1 1
  ┼────────────────────────┼
 6 9 │ 2 6 9 1 │ 3 9
 5 1 │ 4 6 4 1 │ 9 1

# Square 5  (outer=41887794, inner=96481144171)
TL=(8,5,5,7) TR=(8,9,6,6) BL=(8,6,9,6) BR=(1,7,7,7)
 8 5 │ 7 5 6 5 │ 8 9
 5 7 │ 3 7 6 2 │ 6 6
  ┼────────────────────────┼
 7 3 │ 1 2 4 1 │ 1 7
 5 7 │ 2 4 5 1 │ 4 3
 6 6 │ 4 5 5 4 │ 6 9
 5 2 │ 1 1 4 4 │ 2 2
  ┼────────────────────────┼
 8 6 │ 1 4 6 2 │ 1 7
 9 6 │ 7 3 9 2 │ 7 7

# Square 6  (outer=42965232, inner=98570931499)
TL=(8,5,5,8) TR=(2,9,2,1) BL=(2,2,9,1) BR=(7,2,2,6)
 8 5 │ 2 4 6 5 │ 2 9
 5 8 │ 1 2 1 8 │ 2 1
  ┼────────────────────────┼
 2 1 │ 0 2 5 2 │ 1 2
 4 2 │ 2 2 2 6 │ 5 3
 6 1 │ 5 2 4 6 │ 8 6
 5 8 │ 2 6 6 8 │ 4 6
  ┼────────────────────────┼
 2 2 │ 1 5 8 4 │ 7 2
 9 1 │ 2 3 6 6 │ 2 6

# Square 7  (outer=206900460, inner=629763918988)
TL=(8,5,9,8) TR=(3,7,7,3) BL=(9,3,3,7) BR=(8,9,5,8)
 8 5 │ 3 1 4 5 │ 3 7
 9 8 │ 7 1 5 4 │ 7 3
  ┼────────────────────────┼
 8 2 │ 3 0 3 4 │ 3 7
 2 1 │ 0 2 3 1 │ 1 1
 7 4 │ 3 3 3 0 │ 4 5
 7 6 │ 4 1 0 4 │ 5 4
  ┼────────────────────────┼
 9 3 │ 8 2 7 7 │ 8 9
 3 7 │ 2 1 4 6 │ 5 8

# Square 8  (outer=229817792, inner=711205874355)
TL=(8,6,1,8) TR=(1,6,6,4) BL=(3,4,4,2) BR=(8,1,6,8)
 8 6 │ 1 3 7 6 │ 1 6
 1 8 │ 1 1 5 2 │ 6 4
  ┼────────────────────────┼
 2 2 │ 0 2 4 2 │ 1 1
 7 8 │ 2 4 1 8 │ 3 1
 5 5 │ 4 1 2 5 │ 7 5
 4 6 │ 2 8 5 2 │ 6 2
  ┼────────────────────────┼
 3 4 │ 2 7 5 4 │ 8 1
 4 2 │ 2 8 5 6 │ 6 8

# Square 9  (outer=344963807, inner=1100297483600)
TL=(8,6,4,1) TR=(7,6,6,5) BL=(6,4,4,9) BR=(8,4,6,1)
 8 6 │ 6 5 3 6 │ 7 6
 4 1 │ 2 6 6 5 │ 6 5
  ┼────────────────────────┼
 5 2 │ 3 2 2 4 │ 6 2
 3 9 │ 2 1 8 4 │ 5 6
 7 8 │ 2 8 0 8 │ 3 6
 6 9 │ 4 4 8 5 │ 6 5
  ┼────────────────────────┼
 6 4 │ 5 3 7 6 │ 8 4
 4 9 │ 2 9 8 9 │ 6 1

# Square 10  (outer=354172583, inner=1128722133555)
TL=(8,6,4,3) TR=(2,2,2,9) BL=(4,1,1,9) BR=(8,4,6,3)
 8 6 │ 1 8 9 2 │ 2 2
 4 3 │ 1 2 4 7 │ 2 9
  ┼────────────────────────┼
 3 1 │ 0 3 4 1 │ 1 1
 4 1 │ 3 3 6 2 │ 8 2
 4 9 │ 4 6 0 6 │ 9 4
 4 7 │ 1 2 6 9 │ 2 7
  ┼────────────────────────┼
 4 1 │ 3 4 4 4 │ 8 4
 1 9 │ 1 1 9 7 │ 6 3

# Square 11  (outer=361507889, inner=1153694913586)
TL=(8,6,4,4) TR=(2,2,2,7) BL=(4,1,1,9) BR=(8,4,6,4)
 8 6 │ 1 8 9 2 │ 2 2
 4 4 │ 1 1 8 8 │ 2 7
  ┼────────────────────────┼
 3 1 │ 0 3 4 1 │ 1 1
 4 2 │ 3 4 0 2 │ 8 1
 4 1 │ 4 0 1 8 │ 9 8
 4 6 │ 1 2 8 8 │ 2 8
  ┼────────────────────────┼
 4 1 │ 3 4 4 4 │ 8 4
 1 9 │ 1 2 1 6 │ 6 4

# Square 12  (outer=477747706, inner=1444670404522)
TL=(8,6,6,2) TR=(7,4,5,3) BL=(7,5,4,3) BR=(4,9,9,8)
 8 6 │ 6 3 6 4 │ 7 4
 6 2 │ 3 2 8 6 │ 5 3
  ┼────────────────────────┼
 6 3 │ 2 1 4 2 │ 3 4
 3 2 │ 1 9 8 4 │ 6 2
 6 8 │ 4 8 2 8 │ 7 1
 4 6 │ 2 4 8 4 │ 5 4
  ┼────────────────────────┼
 7 5 │ 3 6 7 5 │ 4 9
 4 3 │ 4 2 1 4 │ 9 8

# Square 13  (outer=479233535, inner=1449074402178)
TL=(8,6,6,2) TR=(8,9,2,3) BL=(8,2,9,3) BR=(8,4,4,9)
 8 6 │ 7 6 5 4 │ 8 9
 6 2 │ 1 4 2 6 │ 2 3
  ┼────────────────────────┼
 7 1 │ 4 5 4 4 │ 6 4
 6 4 │ 5 4 4 0 │ 8 5
 5 2 │ 4 4 2 0 │ 8 5
 4 6 │ 4 0 0 2 │ 8 7
  ┼────────────────────────┼
 8 2 │ 6 8 8 8 │ 8 4
 9 3 │ 4 5 5 7 │ 4 9

# Square 14  (outer=481349897, inner=1455781416096)
TL=(8,6,6,3) TR=(3,2,1,9) BL=(3,1,2,9) BR=(4,4,4,3)
 8 6 │ 2 7 5 2 │ 3 2
 6 3 │ 1 1 9 7 │ 1 9
  ┼────────────────────────┼
 2 1 │ 0 2 3 1 │ 1 1
 7 1 │ 2 2 7 2 │ 3 2
 5 9 │ 3 7 7 6 │ 6 4
 2 7 │ 1 2 6 9 │ 4 7
  ┼────────────────────────┼
 3 1 │ 1 3 6 4 │ 4 4
 2 9 │ 1 2 4 7 │ 4 3

# Square 15  (outer=483562314, inner=1463347883234)
TL=(8,6,6,3) TR=(5,4,7,4) BL=(5,7,4,4) BR=(9,8,8,3)
 8 6 │ 4 6 4 4 │ 5 4
 6 3 │ 4 6 6 2 │ 7 4
  ┼────────────────────────┼
 4 4 │ 2 3 3 2 │ 5 3
 6 6 │ 3 6 9 6 │ 5 6
 4 6 │ 3 9 1 0 │ 8 5
 4 2 │ 2 6 0 4 │ 6 2
  ┼────────────────────────┼
 5 7 │ 5 5 8 6 │ 9 8
 4 4 │ 3 6 5 2 │ 8 3

# Square 16  (outer=485451319, inner=1469808281053)
TL=(8,6,6,3) TR=(7,4,7,3) BL=(7,7,4,3) BR=(7,4,4,4)
 8 6 │ 6 3 6 4 │ 7 4
 6 3 │ 4 5 9 9 │ 7 3
  ┼────────────────────────┼
 6 4 │ 3 2 6 4 │ 5 1
 3 5 │ 2 3 8 0 │ 6 8
 6 9 │ 6 8 3 1 │ 9 9
 4 9 │ 4 0 1 8 │ 8 2
  ┼────────────────────────┼
 7 7 │ 5 6 9 8 │ 7 4
 4 3 │ 1 8 9 2 │ 4 4

# Square 17  (outer=487328287, inner=1476227512296)
TL=(8,6,6,3) TR=(9,2,1,9) BL=(9,1,2,9) BR=(7,9,9,1)
 8 6 │ 7 9 1 2 │ 9 2
 6 3 │ 1 1 9 7 │ 1 9
  ┼────────────────────────┼
 7 1 │ 5 1 1 2 │ 7 2
 9 1 │ 1 4 5 6 │ 1 6
 1 9 │ 1 5 7 7 │ 8 3
 2 7 │ 2 6 7 3 │ 9 9
  ┼────────────────────────┼
 9 1 │ 7 1 8 9 │ 7 9
 2 9 │ 2 6 3 9 │ 9 1

# Square 18  (outer=488454839, inner=1480050763633)
TL=(8,6,6,4) TR=(1,6,7,4) BL=(1,7,6,4) BR=(8,1,1,8)
 8 6 │ 1 3 7 6 │ 1 6
 6 4 │ 4 7 3 6 │ 7 4
  ┼────────────────────────┼
 1 4 │ 0 1 5 4 │ 1 1
 3 7 │ 1 1 4 7 │ 3 1
 7 3 │ 5 4 7 5 │ 7 5
 6 6 │ 4 7 5 2 │ 7 2
  ┼────────────────────────┼
 1 7 │ 1 3 7 7 │ 8 1
 6 4 │ 1 1 5 2 │ 1 8

# Square 19  (outer=492823627, inner=1493248874141)
TL=(8,6,6,4) TR=(7,3,7,3) BL=(7,7,3,3) BR=(7,5,5,4)
 8 6 │ 6 2 7 8 │ 7 3
 6 4 │ 4 6 7 2 │ 7 3
  ┼────────────────────────┼
 6 4 │ 3 2 6 4 │ 5 1
 2 6 │ 2 0 0 2 │ 7 7
 7 7 │ 6 0 0 6 │ 7 8
 8 2 │ 4 2 6 4 │ 5 2
  ┼────────────────────────┼
 7 7 │ 5 7 7 5 │ 7 5
 3 3 │ 1 7 8 2 │ 5 4

# Square 20  (outer=500743841, inner=1512258809463)
TL=(8,6,6,6) TR=(3,2,2,7) BL=(3,2,2,7) BR=(8,4,4,3)
 8 6 │ 2 7 5 2 │ 3 2
 6 6 │ 1 7 8 2 │ 2 7
  ┼────────────────────────┼
 2 1 │ 0 4 4 1 │ 2 1
 7 7 │ 4 6 9 7 │ 6 1
 5 8 │ 4 9 8 8 │ 8 6
 2 2 │ 1 7 8 2 │ 8 1
  ┼────────────────────────┼
 3 2 │ 2 6 8 8 │ 8 4
 2 7 │ 1 1 6 1 │ 4 3

# Square 21  (outer=507196856, inner=1531519717606)
TL=(8,6,6,7) TR=(1,7,9,9) BL=(1,9,7,9) BR=(7,7,7,4)
 8 6 │ 1 4 6 2 │ 1 7
 6 7 │ 6 6 3 3 │ 9 9
  ┼────────────────────────┼
 1 6 │ 0 2 4 0 │ 1 5
 4 6 │ 2 2 0 8 │ 4 8
 6 3 │ 4 0 3 2 │ 6 4
 2 3 │ 0 8 2 8 │ 3 6
  ┼────────────────────────┼
 1 9 │ 1 4 6 3 │ 7 7
 7 9 │ 5 8 4 6 │ 7 4

# Square 22  (outer=508406698, inner=1535933221926)
TL=(8,6,6,7) TR=(3,4,9,9) BL=(3,9,4,9) BR=(3,5,5,7)
 8 6 │ 2 9 2 4 │ 3 4
 6 7 │ 6 6 3 3 │ 9 9
  ┼────────────────────────┼
 2 6 │ 0 3 1 2 │ 1 2
 9 6 │ 3 5 5 2 │ 3 7
 2 3 │ 1 5 8 7 │ 6 9
 4 3 │ 2 2 7 9 │ 5 3
  ┼────────────────────────┼
 3 9 │ 1 3 6 5 │ 3 5
 4 9 │ 2 7 9 3 │ 5 7

# Square 23  (outer=509393709, inner=1539533838503)
TL=(8,6,6,7) TR=(4,6,1,7) BL=(4,1,6,7) BR=(3,6,6,8)
 8 6 │ 3 9 5 6 │ 4 6
 6 7 │ 1 1 3 9 │ 1 7
  ┼────────────────────────┼
 3 1 │ 0 4 3 4 │ 1 4
 9 1 │ 4 0 9 5 │ 4 5
 5 3 │ 3 9 7 5 │ 7 5
 6 9 │ 4 5 5 4 │ 6 6
  ┼────────────────────────┼
 4 1 │ 1 4 7 6 │ 3 6
 6 7 │ 4 5 5 6 │ 6 8

# Square 24  (outer=515129773, inner=1560459002157)
TL=(8,6,6,7) TR=(9,8,2,8) BL=(9,2,8,8) BR=(5,1,1,9)
 8 6 │ 8 4 2 8 │ 9 8
 6 7 │ 1 8 7 6 │ 2 8
  ┼────────────────────────┼
 8 1 │ 3 3 2 1 │ 4 1
 4 8 │ 3 1 6 8 │ 6 6
 2 7 │ 2 6 1 9 │ 9 7
 8 6 │ 1 8 9 2 │ 2 2
  ┼────────────────────────┼
 9 2 │ 4 6 9 2 │ 5 1
 8 8 │ 1 6 7 2 │ 1 9

# Square 25  (outer=516490499, inner=1565091997240)
TL=(8,6,6,8) TR=(3,2,2,9) BL=(3,2,2,9) BR=(8,4,4,4)
 8 6 │ 2 7 5 2 │ 3 2
 6 8 │ 1 9 7 2 │ 2 9
  ┼────────────────────────┼
 2 1 │ 0 4 4 1 │ 2 1
 7 9 │ 4 8 9 8 │ 6 2
 5 7 │ 4 9 5 9 │ 8 7
 2 2 │ 1 8 9 2 │ 8 6
  ┼────────────────────────┼
 3 2 │ 2 6 8 8 │ 8 4
 2 9 │ 1 2 7 6 │ 4 4

# Square 26  (outer=520500233, inner=1578348179440)
TL=(8,6,6,8) TR=(7,3,7,2) BL=(7,7,3,2) BR=(7,5,5,3)
 8 6 │ 6 2 7 8 │ 7 3
 6 8 │ 4 8 9 6 │ 7 2
  ┼────────────────────────┼
 6 4 │ 3 2 6 4 │ 5 1
 2 8 │ 2 1 2 8 │ 7 6
 7 9 │ 6 2 4 1 │ 7 9
 8 6 │ 4 8 1 6 │ 5 6
  ┼────────────────────────┼
 7 7 │ 5 7 7 5 │ 7 5
 3 2 │ 1 6 9 6 │ 5 3

# Square 27  (outer=557925655, inner=1714940176798)
TL=(8,6,7,4) TR=(4,2,2,9) BL=(8,9,9,1) BR=(8,7,6,4)
 8 6 │ 3 6 1 2 │ 4 2
 7 4 │ 2 1 4 6 │ 2 9
  ┼────────────────────────┼
 7 5 │ 2 4 0 0 │ 3 2
 7 8 │ 4 7 5 8 │ 6 1
 4 2 │ 0 5 8 8 │ 1 4
 3 4 │ 0 8 8 4 │ 2 6
  ┼────────────────────────┼
 8 9 │ 7 7 4 3 │ 8 7
 9 1 │ 5 8 2 4 │ 6 4

# Square 28  (outer=670762608, inner=2097927957915)
TL=(8,6,8,9) TR=(9,3,3,2) BL=(4,9,9,2) BR=(8,8,6,9)
 8 6 │ 7 9 9 8 │ 9 3
 8 9 │ 2 8 4 8 │ 3 2
  ┼────────────────────────┼
 4 6 │ 3 3 1 2 │ 7 2
 3 3 │ 3 2 3 4 │ 9 8
 1 4 │ 1 3 1 6 │ 9 4
 2 8 │ 2 4 6 4 │ 8 8
  ┼────────────────────────┼
 4 9 │ 4 3 1 2 │ 8 8
 9 2 │ 6 3 4 8 │ 6 9

# Square 29  (outer=671475531, inner=2100574326969)
TL=(8,6,8,9) TR=(9,8,8,9) BL=(2,4,4,6) BR=(8,8,6,9)
 8 6 │ 8 4 2 8 │ 9 8
 8 9 │ 7 9 2 1 │ 8 9
  ┼────────────────────────┼
 2 3 │ 2 0 0 1 │ 8 7
 1 1 │ 0 5 3 9 │ 4 9
 1 7 │ 0 3 7 4 │ 2 2
 2 4 │ 1 9 4 4 │ 8 1
  ┼────────────────────────┼
 2 4 │ 2 1 1 2 │ 8 8
 4 6 │ 3 1 7 4 │ 6 9

# Square 30  (outer=677474932, inner=2123212905020)
TL=(8,6,9,1) TR=(7,7,7,5) BL=(3,9,9,6) BR=(8,9,6,1)
 8 6 │ 6 6 2 2 │ 7 7
 9 1 │ 6 8 2 5 │ 7 5
  ┼────────────────────────┼
 3 5 │ 2 3 1 0 │ 6 6
 4 8 │ 3 2 6 4 │ 6 8
 7 5 │ 1 6 5 0 │ 2 2
 1 6 │ 0 4 0 0 │ 2 5
  ┼────────────────────────┼
 3 9 │ 3 4 7 1 │ 8 9
 9 6 │ 5 8 5 6 │ 6 1

# Square 31  (outer=708972396, inner=2228371398873)
TL=(8,6,9,6) TR=(1,7,7,7) BL=(8,5,5,7) BR=(8,9,6,6)
 8 6 │ 1 4 6 2 │ 1 7
 9 6 │ 7 3 9 2 │ 7 7
  ┼────────────────────────┼
 7 3 │ 1 2 4 1 │ 1 7
 5 7 │ 2 4 5 1 │ 4 3
 6 6 │ 4 5 5 4 │ 6 9
 5 2 │ 1 1 4 4 │ 2 2
  ┼────────────────────────┼
 8 5 │ 7 5 6 5 │ 8 9
 5 7 │ 3 7 6 2 │ 6 6

# Square 32  (outer=754122619, inner=2397250265894)
TL=(8,7,1,7) TR=(4,8,8,4) BL=(7,4,4,4) BR=(8,1,7,7)
 8 7 │ 4 1 7 6 │ 4 8
 1 7 │ 1 4 2 8 │ 8 4
  ┼────────────────────────┼
 5 3 │ 2 1 7 3 │ 4 1
 9 3 │ 1 3 0 2 │ 1 4
 9 8 │ 7 0 5 6 │ 7 2
 4 8 │ 3 2 6 4 │ 6 8
  ┼────────────────────────┼
 7 4 │ 5 9 9 4 │ 8 1
 4 4 │ 3 3 8 8 │ 7 7

# Square 33  (outer=798628987, inner=2546776960899)
TL=(8,7,2,6) TR=(7,9,9,6) BL=(9,6,6,9) BR=(8,2,7,6)
 8 7 │ 6 8 7 3 │ 7 9
 2 6 │ 2 4 9 6 │ 9 6
  ┼────────────────────────┼
 7 5 │ 4 6 5 0 │ 6 2
 8 2 │ 6 8 8 8 │ 8 4
 7 4 │ 5 8 4 6 │ 7 9
 2 4 │ 0 8 6 4 │ 3 6
  ┼────────────────────────┼
 9 6 │ 7 8 7 2 │ 8 2
 6 9 │ 5 2 4 4 │ 7 6

# Square 34  (outer=832896790, inner=2666588883021)
TL=(8,7,3,2) TR=(7,9,9,9) BL=(9,5,5,8) BR=(8,3,7,2)
 8 7 │ 6 8 7 3 │ 7 9
 3 2 │ 3 1 6 8 │ 9 9
  ┼────────────────────────┼
 7 4 │ 4 6 6 2 │ 6 3
 8 1 │ 6 5 6 1 │ 8 1
 8 7 │ 6 6 1 2 │ 7 6
 5 6 │ 2 1 2 8 │ 3 8
  ┼────────────────────────┼
 9 5 │ 7 8 8 5 │ 8 3
 5 8 │ 4 1 7 6 │ 7 2

# Square 35  (outer=908902411, inner=2933957551419)
TL=(8,7,4,3) TR=(9,4,4,4) BL=(7,3,3,5) BR=(8,4,7,3)
 8 7 │ 8 1 7 8 │ 9 4
 4 3 │ 1 8 9 2 │ 4 4
  ┼────────────────────────┼
 6 2 │ 5 0 2 2 │ 8 1
 1 5 │ 0 2 7 0 │ 1 8
 3 5 │ 2 7 6 5 │ 7 9
 2 5 │ 2 0 5 0 │ 8 2
  ┼────────────────────────┼
 7 3 │ 6 1 3 2 │ 8 4
 3 5 │ 2 5 5 5 │ 7 3

# Square 36  (outer=1064613824, inner=3351626293265)
TL=(8,7,6,4) TR=(8,9,9,1) BL=(4,2,2,9) BR=(8,6,7,4)
 8 7 │ 7 7 4 3 │ 8 9
 6 4 │ 5 8 2 4 │ 9 1
  ┼────────────────────────┼
 3 2 │ 2 4 0 0 │ 7 5
 6 1 │ 4 7 5 8 │ 7 8
 1 4 │ 0 5 8 8 │ 4 2
 2 6 │ 0 8 8 4 │ 3 4
  ┼────────────────────────┼
 4 2 │ 3 6 1 2 │ 8 6
 2 9 │ 2 1 4 6 │ 7 4

# Square 37  (outer=1109263907, inner=3499746205418)
TL=(8,7,7,1) TR=(3,2,2,2) BL=(7,4,4,4) BR=(8,7,7,1)
 8 7 │ 2 7 8 4 │ 3 2
 7 1 │ 1 5 6 2 │ 2 2
  ┼────────────────────────┼
 6 3 │ 1 3 2 3 │ 2 1
 4 1 │ 3 0 7 5 │ 7 5
 3 2 │ 2 7 5 2 │ 8 6
 8 4 │ 3 5 2 8 │ 4 2
  ┼────────────────────────┼
 7 4 │ 6 4 3 8 │ 8 7
 4 4 │ 3 1 2 4 │ 7 1

# Square 38  (outer=1113863071, inner=3517981888771)
TL=(8,7,7,1) TR=(7,4,4,4) BL=(3,2,2,2) BR=(8,7,7,1)
 8 7 │ 6 4 3 8 │ 7 4
 7 1 │ 3 1 2 4 │ 4 4
  ┼────────────────────────┼
 2 1 │ 1 3 2 3 │ 6 3
 7 5 │ 3 0 7 5 │ 4 1
 8 6 │ 2 7 5 2 │ 3 2
 4 2 │ 3 5 2 8 │ 8 4
  ┼────────────────────────┼
 3 2 │ 2 7 8 4 │ 8 7
 2 2 │ 1 5 6 2 │ 7 1

# Square 39  (outer=1114467886, inner=3520379982354)
TL=(8,7,7,1) TR=(7,7,6,8) BL=(7,6,7,8) BR=(3,6,6,2)
 8 7 │ 6 6 9 9 │ 7 7
 7 1 │ 4 8 2 8 │ 6 8
  ┼────────────────────────┼
 6 4 │ 1 5 3 6 │ 2 4
 6 8 │ 5 3 0 4 │ 7 8
 9 2 │ 3 0 3 6 │ 3 3
 9 8 │ 6 4 6 8 │ 6 6
  ┼────────────────────────┼
 7 6 │ 2 7 3 6 │ 3 6
 7 8 │ 4 8 3 6 │ 6 2

# Square 40  (outer=1129400633, inner=3576105839368)
TL=(8,7,7,3) TR=(5,1,5,4) BL=(5,5,1,4) BR=(6,9,9,1)
 8 7 │ 4 4 3 7 │ 5 1
 7 3 │ 3 9 4 2 │ 5 4
  ┼────────────────────────┼
 4 3 │ 1 3 3 3 │ 3 1
 4 9 │ 3 5 2 8 │ 7 2
 3 4 │ 3 2 9 8 │ 9 7
 7 2 │ 3 8 8 8 │ 5 4
  ┼────────────────────────┼
 5 5 │ 3 7 9 5 │ 6 9
 1 4 │ 1 2 7 4 │ 9 1

# Square 41  (outer=1131575927, inner=3584730880895)
TL=(8,7,7,3) TR=(6,7,8,8) BL=(6,8,7,8) BR=(3,9,9,2)
 8 7 │ 5 8 2 9 │ 6 7
 7 3 │ 6 4 2 4 │ 8 8
  ┼────────────────────────┼
 5 6 │ 1 5 1 2 │ 2 7
 8 4 │ 5 1 2 4 │ 6 1
 2 2 │ 1 2 5 4 │ 5 7
 9 4 │ 2 4 4 4 │ 2 6
  ┼────────────────────────┼
 6 8 │ 2 6 5 2 │ 3 9
 7 8 │ 7 1 7 6 │ 9 2

# Square 42  (outer=1132812678, inner=3589634599078)
TL=(8,7,7,3) TR=(7,7,6,2) BL=(7,6,7,2) BR=(3,6,6,9)
 8 7 │ 6 6 9 9 │ 7 7
 7 3 │ 4 5 2 6 │ 6 2
  ┼────────────────────────┼
 6 4 │ 1 5 3 6 │ 2 4
 6 5 │ 5 1 3 5 │ 7 9
 9 2 │ 3 3 1 2 │ 3 6
 9 6 │ 6 5 2 8 │ 6 8
  ┼────────────────────────┼
 7 6 │ 2 7 3 6 │ 3 6
 7 2 │ 4 9 6 8 │ 6 9

# Square 43  (outer=1139626660, inner=3615414908864)
TL=(8,7,7,4) TR=(5,7,8,1) BL=(5,8,7,1) BR=(3,7,7,3)
 8 7 │ 4 9 5 9 │ 5 7
 7 4 │ 5 9 9 4 │ 8 1
  ┼────────────────────────┼
 4 5 │ 1 1 2 5 │ 2 5
 9 9 │ 1 0 8 9 │ 1 1
 5 9 │ 2 8 3 2 │ 4 8
 9 4 │ 5 9 2 2 │ 6 3
  ┼────────────────────────┼
 5 8 │ 2 1 4 6 │ 3 7
 7 1 │ 5 1 8 3 │ 7 3

# Square 44  (outer=1142403876, inner=3625523976064)
TL=(8,7,7,4) TR=(7,9,9,3) BL=(7,9,9,3) BR=(6,2,2,3)
 8 7 │ 6 8 7 3 │ 7 9
 7 4 │ 6 8 8 2 │ 9 3
  ┼────────────────────────┼
 6 6 │ 2 7 7 2 │ 4 2
 8 8 │ 7 1 2 8 │ 8 1
 7 8 │ 7 2 5 4 │ 9 3
 3 2 │ 2 8 4 8 │ 8 9
  ┼────────────────────────┼
 7 9 │ 4 8 9 8 │ 6 2
 9 3 │ 2 1 3 9 │ 2 3

# Square 45  (outer=1144426208, inner=3632885265226)
TL=(8,7,7,4) TR=(9,8,2,4) BL=(9,2,8,4) BR=(5,1,1,7)
 8 7 │ 8 5 2 6 │ 9 8
 7 4 │ 1 7 7 6 │ 2 4
  ┼────────────────────────┼
 8 1 │ 3 3 2 1 │ 4 1
 5 7 │ 3 6 4 8 │ 6 4
 2 7 │ 2 4 8 4 │ 9 2
 6 6 │ 1 8 4 8 │ 2 8
  ┼────────────────────────┼
 9 2 │ 4 6 9 2 │ 5 1
 8 4 │ 1 4 2 8 │ 1 7

# Square 46  (outer=1146523247, inner=3638599614572)
TL=(8,7,7,5) TR=(4,8,4,7) BL=(4,4,8,7) BR=(6,8,8,2)
 8 7 │ 4 1 7 6 │ 4 8
 7 5 │ 3 5 2 5 │ 4 7
  ┼────────────────────────┼
 4 3 │ 1 1 6 1 │ 2 7
 1 5 │ 1 3 6 5 │ 9 1
 7 2 │ 6 6 9 6 │ 9 3
 6 5 │ 1 5 6 0 │ 2 4
  ┼────────────────────────┼
 4 4 │ 2 9 9 2 │ 6 8
 8 7 │ 7 1 3 4 │ 8 2

# Square 47  (outer=1149017467, inner=3644922463219)
TL=(8,7,7,5) TR=(7,8,7,1) BL=(7,7,8,1) BR=(3,3,3,3)
 8 7 │ 6 7 8 6 │ 7 8
 7 5 │ 5 3 2 5 │ 7 1
  ┼────────────────────────┼
 6 5 │ 1 4 3 0 │ 2 2
 7 3 │ 4 0 8 8 │ 5 6
 8 2 │ 3 8 5 4 │ 4 7
 6 5 │ 0 8 4 5 │ 1 3
  ┼────────────────────────┼
 7 7 │ 2 5 4 1 │ 3 3
 8 1 │ 2 6 7 3 │ 3 3

# Square 48  (outer=1155217278, inner=3665836503367)
TL=(8,7,7,6) TR=(6,4,3,1) BL=(6,3,4,1) BR=(6,9,9,5)
 8 7 │ 5 5 6 8 │ 6 4
 7 6 │ 2 3 5 6 │ 3 1
  ┼────────────────────────┼
 5 2 │ 2 2 3 6 │ 4 3
 5 3 │ 2 0 1 4 │ 3 8
 6 5 │ 3 1 8 5 │ 4 9
 8 6 │ 6 4 5 0 │ 7 5
  ┼────────────────────────┼
 6 3 │ 4 3 4 7 │ 6 9
 4 1 │ 3 8 9 5 │ 9 5

# Square 49  (outer=1166783924, inner=3712220416395)
TL=(8,7,7,7) TR=(7,7,6,3) BL=(7,6,7,3) BR=(3,6,6,2)
 8 7 │ 6 6 9 9 │ 7 7
 7 7 │ 4 8 5 1 │ 6 3
  ┼────────────────────────┼
 6 4 │ 1 5 3 6 │ 2 4
 6 8 │ 5 1 0 0 │ 7 5
 9 5 │ 3 0 4 0 │ 3 2
 9 1 │ 6 0 0 6 │ 6 6
  ┼────────────────────────┼
 7 6 │ 2 7 3 6 │ 3 6
 7 3 │ 4 5 2 6 │ 6 2

# Square 50  (outer=1174948337, inner=3743774910720)
TL=(8,7,7,8) TR=(6,8,2,4) BL=(6,2,8,4) BR=(9,1,1,6)
 8 7 │ 5 9 1 6 │ 6 8
 7 8 │ 1 8 7 2 │ 2 4
  ┼────────────────────────┼
 5 1 │ 2 6 0 1 │ 5 1
 9 8 │ 6 1 7 4 │ 6 3
 1 7 │ 0 7 4 8 │ 4 4
 6 2 │ 1 4 8 8 │ 2 4
  ┼────────────────────────┼
 6 2 │ 5 6 4 2 │ 9 1
 8 4 │ 1 3 4 4 │ 1 6

# Square 51  (outer=1178562240, inner=3756929518872)
TL=(8,7,7,8) TR=(9,8,2,4) BL=(9,2,8,4) BR=(5,1,1,6)
 8 7 │ 8 5 2 6 │ 9 8
 7 8 │ 1 8 7 2 │ 2 4
  ┼────────────────────────┼
 8 1 │ 3 3 2 1 │ 4 1
 5 8 │ 3 6 5 4 │ 6 3
 2 7 │ 2 5 3 8 │ 9 4
 6 2 │ 1 4 8 8 │ 2 4
  ┼────────────────────────┼
 9 2 │ 4 6 9 2 │ 5 1
 8 4 │ 1 3 4 4 │ 1 6

# Square 52  (outer=1179136296, inner=3759116585460)
TL=(8,7,7,9) TR=(1,7,8,2) BL=(1,8,7,2) BR=(7,2,2,1)
 8 7 │ 1 4 7 9 │ 1 7
 7 9 │ 6 4 7 8 │ 8 2
  ┼────────────────────────┼
 1 6 │ 0 1 7 6 │ 1 1
 4 4 │ 1 1 0 0 │ 2 5
 7 7 │ 7 0 0 7 │ 9 1
 9 8 │ 6 0 7 6 │ 6 2
  ┼────────────────────────┼
 1 8 │ 1 2 9 6 │ 7 2
 7 2 │ 1 5 1 2 │ 2 1

# Square 53  (outer=1187119129, inner=3791806289955)
TL=(8,7,7,9) TR=(8,9,2,3) BL=(8,2,9,3) BR=(3,4,4,3)
 8 7 │ 7 7 4 3 │ 8 9
 7 9 │ 1 8 1 7 │ 2 3
  ┼────────────────────────┼
 7 1 │ 1 6 3 3 │ 2 3
 7 8 │ 6 1 6 2 │ 7 9
 4 1 │ 3 6 4 9 │ 8 9
 3 7 │ 3 2 9 3 │ 8 9
  ┼────────────────────────┼
 8 2 │ 2 7 8 8 │ 3 4
 9 3 │ 3 9 9 9 │ 4 3

# Square 54  (outer=1190855725, inner=3805816977066)
TL=(8,7,8,1) TR=(4,3,3,3) BL=(3,7,7,5) BR=(8,8,7,1)
 8 7 │ 3 7 4 1 │ 4 3
 8 1 │ 2 6 7 3 │ 3 3
  ┼────────────────────────┼
 3 5 │ 1 1 2 0 │ 3 2
 2 3 │ 1 7 4 8 │ 7 6
 5 2 │ 2 4 4 4 │ 4 7
 6 5 │ 0 8 4 5 │ 1 3
  ┼────────────────────────┼
 3 7 │ 3 2 5 6 │ 8 8
 7 5 │ 5 3 2 5 │ 7 1

# Square 55  (outer=1250280348, inner=4003498524712)
TL=(8,7,8,7) TR=(9,8,8,3) BL=(2,4,4,2) BR=(8,8,7,7)
 8 7 │ 8 5 2 6 │ 9 8
 8 7 │ 7 2 2 1 │ 8 3
  ┼────────────────────────┼
 2 3 │ 2 0 0 1 │ 8 7
 1 2 │ 0 6 2 4 │ 5 2
 1 3 │ 0 2 8 6 │ 2 2
 2 4 │ 1 4 6 4 │ 6 1
  ┼────────────────────────┼
 2 4 │ 2 1 1 2 │ 8 8
 4 2 │ 3 2 3 4 │ 7 7

# Square 56  (outer=1276480819, inner=4097138500578)
TL=(8,7,9,1) TR=(7,7,7,4) BL=(6,6,6,5) BR=(8,9,7,1)
 8 7 │ 6 6 9 9 │ 7 7
 9 1 │ 6 7 3 4 │ 7 4
  ┼────────────────────────┼
 5 4 │ 3 5 6 4 │ 6 6
 8 6 │ 5 7 6 2 │ 6 7
 7 1 │ 6 6 0 3 │ 9 3
 4 5 │ 4 2 3 0 │ 9 4
  ┼────────────────────────┼
 6 6 │ 5 8 7 4 │ 8 9
 6 5 │ 4 6 1 5 │ 7 1

# Square 57  (outer=1279088326, inner=4107318205771)
TL=(8,7,9,1) TR=(9,7,7,4) BL=(1,6,6,5) BR=(8,9,7,1)
 8 7 │ 8 4 3 9 │ 9 7
 9 1 │ 6 7 3 4 │ 7 4
  ┼────────────────────────┼
 1 4 │ 1 2 0 4 │ 8 6
 4 6 │ 2 1 6 2 │ 4 7
 2 1 │ 0 6 9 3 │ 3 3
 4 5 │ 4 2 3 0 │ 9 4
  ┼────────────────────────┼
 1 6 │ 1 4 2 4 │ 8 9
 6 5 │ 4 6 1 5 │ 7 1

# Square 58  (outer=1315456568, inner=4234620478699)
TL=(8,7,9,6) TR=(4,8,8,7) BL=(9,6,6,1) BR=(8,9,7,6)
 8 7 │ 4 1 7 6 │ 4 8
 9 6 │ 8 3 5 2 │ 8 7
  ┼────────────────────────┼
 8 4 │ 4 0 3 2 │ 4 8
 5 6 │ 0 7 2 8 │ 1 3
 4 3 │ 3 2 2 5 │ 7 5
 4 6 │ 2 8 5 2 │ 6 2
  ┼────────────────────────┼
 9 6 │ 8 5 4 4 │ 8 9
 6 1 │ 4 6 3 6 │ 7 6

# Square 59  (outer=1499264754, inner=4894272290466)
TL=(8,8,4,4) TR=(2,7,7,2) BL=(2,1,1,4) BR=(8,4,8,4)
 8 8 │ 2 3 7 6 │ 2 7
 4 4 │ 3 1 6 8 │ 7 2
  ┼────────────────────────┼
 1 1 │ 0 2 5 3 │ 2 3
 7 1 │ 2 2 0 1 │ 3 1
 6 7 │ 5 0 9 2 │ 7 6
 4 6 │ 3 1 2 8 │ 6 8
  ┼────────────────────────┼
 2 1 │ 1 7 6 4 │ 8 4
 1 4 │ 1 1 7 6 │ 8 4

# Square 60  (outer=1499993443, inner=4896639801711)
TL=(8,8,4,4) TR=(3,7,7,2) BL=(4,1,1,4) BR=(8,4,8,4)
 8 8 │ 3 2 5 6 │ 3 7
 4 4 │ 3 1 6 8 │ 7 2
  ┼────────────────────────┼
 3 1 │ 1 0 2 3 │ 3 3
 4 1 │ 0 8 6 1 │ 2 1
 4 7 │ 2 6 3 2 │ 5 6
 4 6 │ 3 1 2 8 │ 6 8
  ┼────────────────────────┼
 4 1 │ 3 4 4 4 │ 8 4
 1 4 │ 1 1 7 6 │ 8 4

# Square 61  (outer=1500562482, inner=4898488609825)
TL=(8,8,4,4) TR=(4,4,4,3) BL=(5,1,1,9) BR=(8,4,8,4)
 8 8 │ 3 8 7 2 │ 4 4
 4 4 │ 1 8 9 2 │ 4 3
  ┼────────────────────────┼
 4 1 │ 1 2 7 1 │ 3 1
 2 5 │ 2 2 0 0 │ 8 8
 8 9 │ 7 0 3 1 │ 7 9
 4 6 │ 1 0 1 2 │ 2 2
  ┼────────────────────────┼
 5 1 │ 4 2 8 4 │ 8 4
 1 9 │ 1 5 9 6 │ 8 4

# Square 62  (outer=1664773324, inner=5358506607980)
TL=(8,8,6,9) TR=(2,4,4,6) BL=(9,8,8,9) BR=(8,6,8,9)
 8 8 │ 2 1 1 2 │ 2 4
 6 9 │ 3 1 7 4 │ 4 6
  ┼────────────────────────┼
 8 7 │ 2 0 0 1 │ 2 3
 4 9 │ 0 5 3 9 │ 1 1
 2 2 │ 0 3 7 4 │ 1 7
 8 1 │ 1 9 4 4 │ 2 4
  ┼────────────────────────┼
 9 8 │ 8 4 2 8 │ 8 6
 8 9 │ 7 9 2 1 │ 8 9

# Square 63  (outer=1667336250, inner=5367856161795)
TL=(8,8,6,9) TR=(4,9,9,2) BL=(9,3,3,2) BR=(8,6,8,9)
 8 8 │ 4 3 1 2 │ 4 9
 6 9 │ 6 3 4 8 │ 9 2
  ┼────────────────────────┼
 7 2 │ 3 3 1 2 │ 4 6
 9 8 │ 3 2 3 4 │ 3 3
 9 4 │ 1 3 1 6 │ 1 4
 8 8 │ 2 4 6 4 │ 2 8
  ┼────────────────────────┼
 9 3 │ 7 9 9 8 │ 8 6
 3 2 │ 2 8 4 8 │ 8 9

# Square 64  (outer=1674605740, inner=5395208284931)
TL=(8,8,7,1) TR=(3,7,7,5) BL=(4,3,3,3) BR=(8,7,8,1)
 8 8 │ 3 2 5 6 │ 3 7
 7 1 │ 5 3 2 5 │ 7 5
  ┼────────────────────────┼
 3 2 │ 1 1 2 0 │ 3 5
 7 6 │ 1 7 4 8 │ 2 3
 4 7 │ 2 4 4 4 │ 5 2
 1 3 │ 0 8 4 5 │ 6 5
  ┼────────────────────────┼
 4 3 │ 3 7 4 1 │ 8 7
 3 3 │ 2 6 7 3 │ 8 1

# Square 65  (outer=1719162396, inner=5558212371236)
TL=(8,8,7,7) TR=(2,4,4,2) BL=(9,8,8,3) BR=(8,7,8,7)
 8 8 │ 2 1 1 2 │ 2 4
 7 7 │ 3 2 3 4 │ 4 2
  ┼────────────────────────┼
 8 7 │ 2 0 0 1 │ 2 3
 5 2 │ 0 6 2 4 │ 1 2
 2 2 │ 0 2 8 6 │ 1 3
 6 1 │ 1 4 6 4 │ 2 4
  ┼────────────────────────┼
 9 8 │ 8 5 2 6 │ 8 7
 8 3 │ 7 2 2 1 │ 8 7

# Square 66  (outer=1748743499, inner=5676495355814)
TL=(8,8,8,1) TR=(7,2,4,1) BL=(7,4,2,1) BR=(7,9,9,1)
 8 8 │ 6 3 3 6 │ 7 2
 8 1 │ 3 3 2 1 │ 4 1
  ┼────────────────────────┼
 6 3 │ 3 2 1 3 │ 5 1
 3 3 │ 2 9 3 7 │ 8 9
 3 2 │ 1 3 1 2 │ 4 1
 6 1 │ 3 7 2 1 │ 6 1
  ┼────────────────────────┼
 7 4 │ 5 8 4 6 │ 7 9
 2 1 │ 1 9 1 1 │ 9 1

# Square 67  (outer=1749191030, inner=5678156591061)
TL=(8,8,8,1) TR=(7,6,1,7) BL=(7,1,6,7) BR=(7,3,3,9)
 8 8 │ 6 6 8 8 │ 7 6
 8 1 │ 1 3 7 7 │ 1 7
  ┼────────────────────────┼
 6 1 │ 3 1 7 2 │ 5 2
 6 3 │ 1 0 0 8 │ 1 6
 8 7 │ 7 0 4 7 │ 8 1
 8 7 │ 2 8 7 1 │ 3 3
  ┼────────────────────────┼
 7 1 │ 5 1 8 3 │ 7 3
 6 7 │ 2 6 1 3 │ 3 9

# Square 68  (outer=1759915783, inner=5714472045744)
TL=(8,8,8,2) TR=(9,8,3,4) BL=(9,3,8,4) BR=(4,3,3,4)
 8 8 │ 8 6 2 4 │ 9 8
 8 2 │ 2 7 8 8 │ 3 4
  ┼────────────────────────┼
 8 2 │ 2 6 2 4 │ 3 2
 6 7 │ 6 5 6 6 │ 9 8
 2 8 │ 2 6 6 0 │ 9 5
 4 8 │ 4 6 0 8 │ 9 6
  ┼────────────────────────┼
 9 3 │ 3 9 9 9 │ 4 3
 8 4 │ 2 8 5 6 │ 3 4

# Square 69  (outer=1765566225, inner=5734677059735)
TL=(8,8,8,3) TR=(7,6,6,7) BL=(7,6,6,7) BR=(4,1,1,7)
 8 8 │ 6 6 8 8 │ 7 6
 8 3 │ 5 5 6 1 │ 6 7
  ┼────────────────────────┼
 6 5 │ 2 0 1 5 │ 3 1
 6 5 │ 0 7 1 5 │ 1 1
 8 6 │ 1 1 1 8 │ 1 3
 8 1 │ 5 5 8 9 │ 6 9
  ┼────────────────────────┼
 7 6 │ 3 1 1 6 │ 4 1
 6 7 │ 1 1 3 9 │ 1 7

# Square 70  (outer=1793677292, inner=5824314690354)
TL=(8,8,8,7) TR=(6,2,6,3) BL=(6,6,2,3) BR=(6,8,8,2)
 8 8 │ 5 4 5 6 │ 6 2
 8 7 │ 5 4 8 1 │ 6 3
  ┼────────────────────────┼
 5 5 │ 2 2 5 5 │ 4 1
 4 4 │ 2 1 1 2 │ 4 8
 5 8 │ 5 1 0 4 │ 8 8
 6 1 │ 5 2 4 6 │ 8 6
  ┼────────────────────────┼
 6 6 │ 4 4 8 8 │ 6 8
 2 3 │ 1 8 8 6 │ 8 2

# Square 71  (outer=1799189114, inner=5844748334416)
TL=(8,8,8,8) TR=(2,8,5,2) BL=(2,5,8,2) BR=(7,3,3,8)
 8 8 │ 2 4 6 4 │ 2 8
 8 8 │ 4 5 7 6 │ 5 2
  ┼────────────────────────┼
 2 4 │ 0 3 1 2 │ 1 3
 4 5 │ 3 6 4 5 │ 8 1
 6 7 │ 1 4 0 7 │ 2 1
 4 6 │ 2 5 7 6 │ 5 6
  ┼────────────────────────┼
 2 5 │ 1 8 2 5 │ 7 3
 8 2 │ 3 1 1 6 │ 3 8

# Square 72  (outer=1854173188, inner=6043165426324)
TL=(8,8,9,6) TR=(3,2,2,2) BL=(4,3,3,3) BR=(8,9,8,6)
 8 8 │ 2 8 1 6 │ 3 2
 9 6 │ 2 1 1 2 │ 2 2
  ┼────────────────────────┼
 3 2 │ 0 7 0 4 │ 2 2
 8 8 │ 7 1 2 8 │ 8 1
 2 3 │ 0 2 5 3 │ 1 1
 7 8 │ 4 8 3 6 │ 6 2
  ┼────────────────────────┼
 4 3 │ 3 8 2 7 │ 8 9
 3 3 │ 2 8 3 8 │ 8 6

# Square 73  (outer=1876854119, inner=6130747698596)
TL=(8,8,9,8) TR=(9,7,7,8) BL=(3,7,7,4) BR=(8,9,8,8)
 8 8 │ 8 5 3 6 │ 9 7
 9 8 │ 7 6 4 4 │ 7 8
  ┼────────────────────────┼
 3 6 │ 3 1 3 2 │ 8 7
 2 5 │ 1 4 0 0 │ 5 6
 9 1 │ 3 0 9 4 │ 3 4
 3 2 │ 2 0 4 8 │ 6 4
  ┼────────────────────────┼
 3 7 │ 3 2 9 3 │ 8 9
 7 4 │ 6 5 1 2 │ 8 8

# Square 74  (outer=1926964999, inner=6315569338959)
TL=(8,9,2,3) TR=(8,6,6,2) BL=(8,4,4,9) BR=(8,2,9,3)
 8 9 │ 7 6 5 4 │ 8 6
 2 3 │ 1 4 2 6 │ 6 2
  ┼────────────────────────┼
 6 4 │ 4 5 4 4 │ 7 1
 8 5 │ 5 4 4 0 │ 6 4
 8 5 │ 4 4 2 0 │ 5 2
 8 7 │ 4 0 0 2 │ 4 6
  ┼────────────────────────┼
 8 4 │ 6 8 8 8 │ 8 2
 4 9 │ 4 5 5 7 │ 9 3

# Square 75  (outer=1927131565, inner=6316156981786)
TL=(8,9,2,3) TR=(8,7,7,9) BL=(3,4,4,3) BR=(8,2,9,3)
 8 9 │ 7 7 4 3 │ 8 7
 2 3 │ 1 8 1 7 │ 7 9
  ┼────────────────────────┼
 2 3 │ 1 6 3 3 │ 7 1
 7 9 │ 6 1 6 2 │ 7 8
 8 9 │ 3 6 4 9 │ 4 1
 8 9 │ 3 2 9 3 │ 3 7
  ┼────────────────────────┼
 3 4 │ 2 7 8 8 │ 8 2
 4 3 │ 3 9 9 9 │ 9 3

# Square 76  (outer=2054320339, inner=6755727992554)
TL=(8,9,4,4) TR=(5,3,3,6) BL=(6,4,4,8) BR=(8,4,9,4)
 8 9 │ 4 7 1 7 │ 5 3
 4 4 │ 1 5 8 4 │ 3 6
  ┼────────────────────────┼
 5 4 │ 2 2 1 4 │ 4 1
 3 5 │ 2 6 2 5 │ 7 5
 7 1 │ 1 2 7 8 │ 1 8
 6 2 │ 4 5 8 8 │ 7 4
  ┼────────────────────────┼
 6 4 │ 5 3 7 6 │ 8 4
 4 8 │ 4 5 1 2 │ 9 4

# Square 77  (outer=2159988707, inner=7019776427276)
TL=(8,9,5,8) TR=(9,3,3,7) BL=(3,7,7,3) BR=(8,5,9,8)
 8 9 │ 8 2 7 7 │ 9 3
 5 8 │ 2 1 4 6 │ 3 7
  ┼────────────────────────┼
 3 7 │ 3 0 3 4 │ 8 2
 1 1 │ 0 2 3 1 │ 2 1
 4 5 │ 3 3 3 0 │ 7 4
 5 4 │ 4 1 0 4 │ 7 6
  ┼────────────────────────┼
 3 7 │ 3 1 4 5 │ 8 5
 7 3 │ 7 1 5 4 │ 9 8

# Square 78  (outer=2172296906, inner=7049707125051)
TL=(8,9,6,1) TR=(3,9,9,6) BL=(7,7,7,5) BR=(8,6,9,1)
 8 9 │ 3 4 7 1 │ 3 9
 6 1 │ 5 8 5 6 │ 9 6
  ┼────────────────────────┼
 6 6 │ 2 3 1 0 │ 3 5
 6 8 │ 3 2 6 4 │ 4 8
 2 2 │ 1 6 5 0 │ 7 5
 2 5 │ 0 4 0 0 │ 1 6
  ┼────────────────────────┼
 7 7 │ 6 6 2 2 │ 8 6
 7 5 │ 6 8 2 5 │ 9 1

# Square 79  (outer=2215394869, inner=7188629664537)
TL=(8,9,6,6) TR=(8,5,5,7) BL=(1,7,7,7) BR=(8,6,9,6)
 8 9 │ 7 5 6 5 │ 8 5
 6 6 │ 3 7 6 2 │ 5 7
  ┼────────────────────────┼
 1 7 │ 1 2 4 1 │ 7 3
 4 3 │ 2 4 5 1 │ 5 7
 6 9 │ 4 5 5 4 │ 6 6
 2 2 │ 1 1 4 4 │ 5 2
  ┼────────────────────────┼
 1 7 │ 1 4 6 2 │ 8 6
 7 7 │ 7 3 9 2 │ 9 6

# Square 80  (outer=2246246321, inner=7295604055032)
TL=(8,9,7,1) TR=(1,6,6,5) BL=(9,7,7,4) BR=(8,7,9,1)
 8 9 │ 1 4 2 4 │ 1 6
 7 1 │ 4 6 1 5 │ 6 5
  ┼────────────────────────┼
 8 6 │ 1 2 0 4 │ 1 4
 4 7 │ 2 1 6 2 │ 4 6
 3 3 │ 0 6 9 3 │ 2 1
 9 4 │ 4 2 3 0 │ 4 5
  ┼────────────────────────┼
 9 7 │ 8 4 3 9 │ 8 7
 7 4 │ 6 7 3 4 │ 9 1

# Square 81  (outer=2250735186, inner=7314277732536)
TL=(8,9,7,1) TR=(6,6,6,5) BL=(7,7,7,4) BR=(8,7,9,1)
 8 9 │ 5 8 7 4 │ 6 6
 7 1 │ 4 6 1 5 │ 6 5
  ┼────────────────────────┼
 6 6 │ 3 5 6 4 │ 5 4
 6 7 │ 5 7 6 2 │ 8 6
 9 3 │ 6 6 0 3 │ 7 1
 9 4 │ 4 2 3 0 │ 4 5
  ┼────────────────────────┼
 7 7 │ 6 6 9 9 │ 8 7
 7 4 │ 6 7 3 4 │ 9 1

# Square 82  (outer=2296346810, inner=7479427620772)
TL=(8,9,7,6) TR=(9,6,6,1) BL=(4,8,8,7) BR=(8,7,9,6)
 8 9 │ 8 5 4 4 │ 9 6
 7 6 │ 4 6 3 6 │ 6 1
  ┼────────────────────────┼
 4 8 │ 4 0 3 2 │ 8 4
 1 3 │ 0 7 2 8 │ 5 6
 7 5 │ 3 2 2 5 │ 4 3
 6 2 │ 2 8 5 2 │ 4 6
  ┼────────────────────────┼
 4 8 │ 4 1 7 6 │ 8 7
 8 7 │ 8 3 5 2 │ 9 6

# Square 83  (outer=2369159665, inner=7738822561339)
TL=(8,9,8,6) TR=(4,3,3,3) BL=(3,2,2,2) BR=(8,8,9,6)
 8 9 │ 3 8 2 7 │ 4 3
 8 6 │ 2 8 3 8 │ 3 3
  ┼────────────────────────┼
 2 2 │ 0 7 0 4 │ 3 2
 8 1 │ 7 1 2 8 │ 8 8
 1 1 │ 0 2 5 3 │ 2 3
 6 2 │ 4 8 3 6 │ 7 8
  ┼────────────────────────┼
 3 2 │ 2 8 1 6 │ 8 8
 2 2 │ 2 1 1 2 │ 9 6

# Square 84  (outer=2387516170, inner=7802909085876)
TL=(8,9,8,8) TR=(3,7,7,4) BL=(9,7,7,8) BR=(8,8,9,8)
 8 9 │ 3 2 9 3 │ 3 7
 8 8 │ 6 5 1 2 │ 7 4
  ┼────────────────────────┼
 8 7 │ 3 1 3 2 │ 3 6
 5 6 │ 1 4 0 0 │ 2 5
 3 4 │ 3 0 9 4 │ 9 1
 6 4 │ 2 0 4 8 │ 3 2
  ┼────────────────────────┼
 9 7 │ 8 5 3 6 │ 8 8
 7 8 │ 7 6 4 4 │ 9 8

# Square 85  (outer=2412341198, inner=7894037988030)
TL=(8,9,9,1) TR=(8,7,6,4) BL=(8,6,7,4) BR=(4,2,2,9)
 8 9 │ 7 7 4 3 │ 8 7
 9 1 │ 5 8 2 4 │ 6 4
  ┼────────────────────────┼
 7 5 │ 2 4 0 0 │ 3 2
 7 8 │ 4 7 5 8 │ 6 1
 4 2 │ 0 5 8 8 │ 1 4
 3 4 │ 0 8 8 4 │ 2 6
  ┼────────────────────────┼
 8 6 │ 3 6 1 2 │ 4 2
 7 4 │ 2 1 4 6 │ 2 9

# Square 86  (outer=2427778967, inner=7952510620195)
TL=(8,9,9,3) TR=(6,5,7,9) BL=(6,7,5,9) BR=(3,6,6,5)
 8 9 │ 5 7 8 5 │ 6 5
 9 3 │ 7 3 4 7 │ 7 9
  ┼────────────────────────┼
 5 7 │ 1 3 1 1 │ 2 3
 7 3 │ 3 5 0 4 │ 4 8
 8 4 │ 1 0 9 2 │ 1 3
 5 7 │ 1 4 2 5 │ 2 5
  ┼────────────────────────┼
 6 7 │ 2 4 1 2 │ 3 6
 5 9 │ 3 8 3 5 │ 6 5

# Square 87  (outer=2443199942, inner=8008434249230)
TL=(8,9,9,5) TR=(4,8,3,7) BL=(4,3,8,7) BR=(5,8,8,3)
 8 9 │ 4 2 7 2 │ 4 8
 9 5 │ 3 5 1 5 │ 3 7
  ┼────────────────────────┼
 4 3 │ 1 1 6 1 │ 2 7
 2 5 │ 1 0 5 0 │ 4 2
 7 1 │ 6 5 3 2 │ 9 2
 2 5 │ 1 0 2 5 │ 4 1
  ┼────────────────────────┼
 4 3 │ 2 4 9 4 │ 5 8
 8 7 │ 7 2 2 1 │ 8 3

# Square 88  (outer=2446778248, inner=8016449655965)
TL=(8,9,9,5) TR=(9,8,3,7) BL=(9,3,8,7) BR=(1,8,8,3)
 8 9 │ 8 7 2 2 │ 9 8
 9 5 │ 3 5 1 5 │ 3 7
  ┼────────────────────────┼
 8 3 │ 1 4 1 1 │ 1 7
 7 5 │ 4 6 5 0 │ 6 2
 2 1 │ 1 5 1 2 │ 7 2
 2 5 │ 1 0 2 5 │ 4 1
  ┼────────────────────────┼
 9 3 │ 1 6 7 4 │ 1 8
 8 7 │ 7 2 2 1 │ 8 3

# Square 89  (outer=2449391738, inner=8025553093548)
TL=(8,9,9,6) TR=(4,7,4,3) BL=(4,4,7,3) BR=(6,4,4,9)
 8 9 │ 4 1 8 3 │ 4 7
 9 6 │ 4 1 2 8 │ 4 3
  ┼────────────────────────┼
 4 4 │ 1 0 1 2 │ 2 3
 1 1 │ 0 9 3 5 │ 8 5
 8 2 │ 1 3 9 4 │ 1 7
 3 8 │ 2 5 4 6 │ 6 7
  ┼────────────────────────┼
 4 4 │ 2 8 1 6 │ 6 4
 7 3 │ 3 5 7 7 │ 4 9

# Square 90  (outer=2451812710, inner=8034229858104)
TL=(8,9,9,6) TR=(6,9,6,2) BL=(6,6,9,2) BR=(6,9,9,3)
 8 9 │ 6 1 4 1 │ 6 9
 9 6 │ 5 9 5 2 │ 6 2
  ┼────────────────────────┼
 6 5 │ 3 1 2 0 │ 4 8
 1 9 │ 1 0 4 5 │ 5 5
 4 5 │ 2 4 7 5 │ 5 5
 1 2 │ 0 5 5 2 │ 4 6
  ┼────────────────────────┼
 6 6 │ 4 5 5 4 │ 6 9
 9 2 │ 8 5 5 6 │ 9 3

# Square 91  (outer=2462366425, inner=8075424520302)
TL=(8,9,9,7) TR=(8,2,4,1) BL=(8,4,2,1) BR=(4,6,6,3)
 8 9 │ 7 2 9 8 │ 8 2
 9 7 │ 3 9 7 7 │ 4 1
  ┼────────────────────────┼
 7 3 │ 2 2 6 3 │ 3 1
 2 9 │ 2 4 0 7 │ 8 3
 9 7 │ 6 0 1 4 │ 6 2
 8 7 │ 3 7 4 1 │ 4 3
  ┼────────────────────────┼
 8 4 │ 3 8 6 4 │ 4 6
 2 1 │ 1 3 2 3 │ 6 3

# Square 92  (outer=2485647492, inner=8157601415900)
TL=(9,1,1,3) TR=(7,2,8,6) BL=(7,8,2,6) BR=(6,7,7,1)
 9 1 │ 6 5 5 2 │ 7 2
 1 3 │ 1 1 1 8 │ 8 6
  ┼────────────────────────┼
 6 1 │ 3 1 1 1 │ 5 1
 5 1 │ 1 4 2 8 │ 2 8
 5 1 │ 1 2 2 4 │ 2 4
 2 8 │ 1 8 4 8 │ 6 6
  ┼────────────────────────┼
 7 8 │ 5 2 2 6 │ 6 7
 2 6 │ 1 8 4 6 │ 7 1

# Square 93  (outer=2488432601, inner=8160001895037)
TL=(9,1,1,4) TR=(9,2,9,1) BL=(9,9,2,1) BR=(5,5,5,3)
 9 1 │ 8 3 7 2 │ 9 2
 1 4 │ 1 2 7 4 │ 9 1
  ┼────────────────────────┼
 8 1 │ 4 1 3 1 │ 5 1
 3 2 │ 1 3 1 2 │ 4 1
 7 7 │ 3 1 5 7 │ 4 1
 2 4 │ 1 2 7 2 │ 5 3
  ┼────────────────────────┼
 9 9 │ 5 4 4 5 │ 5 5
 2 1 │ 1 1 1 3 │ 5 3

# Square 94  (outer=2492557500, inner=8164422638715)
TL=(9,1,1,6) TR=(6,2,8,4) BL=(6,8,2,4) BR=(8,7,7,8)
 9 1 │ 5 6 4 2 │ 6 2
 1 6 │ 1 3 4 4 │ 8 4
  ┼────────────────────────┼
 5 1 │ 2 6 0 1 │ 5 1
 6 3 │ 6 1 7 4 │ 9 8
 4 4 │ 0 7 4 8 │ 1 7
 2 4 │ 1 4 8 8 │ 6 2
  ┼────────────────────────┼
 6 8 │ 5 9 1 6 │ 8 7
 2 4 │ 1 8 7 2 │ 7 8

# Square 95  (outer=2507207430, inner=8191645616637)
TL=(9,1,1,9) TR=(7,5,6,9) BL=(7,6,5,9) BR=(9,2,2,5)
 9 1 │ 6 8 2 5 │ 7 5
 1 9 │ 1 3 1 1 │ 6 9
  ┼────────────────────────┼
 6 1 │ 3 7 2 1 │ 6 1
 8 3 │ 7 8 0 2 │ 9 4
 2 1 │ 2 0 3 7 │ 9 7
 5 1 │ 1 2 7 5 │ 2 5
  ┼────────────────────────┼
 7 6 │ 6 9 9 2 │ 9 2
 5 9 │ 1 4 7 5 │ 2 5

# Square 96  (outer=2551253124, inner=8243286406385)
TL=(9,1,2,9) TR=(7,5,5,6) BL=(7,6,6,7) BR=(9,2,1,9)
 9 1 │ 6 8 2 5 │ 7 5
 2 9 │ 1 6 2 4 │ 5 6
  ┼────────────────────────┼
 6 1 │ 3 7 2 1 │ 6 1
 9 2 │ 7 9 1 2 │ 8 6
 9 7 │ 2 1 3 4 │ 2 2
 2 3 │ 1 2 4 2 │ 5 4
  ┼────────────────────────┼
 7 6 │ 6 9 9 2 │ 9 2
 6 7 │ 1 2 7 3 │ 1 9

# Square 97  (outer=2551632253, inner=8244008268235)
TL=(9,1,2,9) TR=(7,9,9,1) BL=(8,6,6,3) BR=(9,2,1,9)
 9 1 │ 7 1 8 9 │ 7 9
 2 9 │ 2 6 3 9 │ 9 1
  ┼────────────────────────┼
 7 1 │ 5 1 1 2 │ 7 2
 9 1 │ 1 4 5 6 │ 1 6
 1 9 │ 1 5 7 7 │ 8 3
 2 7 │ 2 6 7 3 │ 9 9
  ┼────────────────────────┼
 8 6 │ 7 9 1 2 │ 9 2
 6 3 │ 1 1 9 7 │ 1 9

# Square 98  (outer=2704491323, inner=8404168311891)
TL=(9,1,5,7) TR=(4,8,8,2) BL=(9,7,7,3) BR=(9,5,1,7)
 9 1 │ 4 3 6 8 │ 4 8
 5 7 │ 4 6 7 4 │ 8 2
  ┼────────────────────────┼
 9 1 │ 4 0 0 4 │ 4 4
 2 2 │ 0 7 9 2 │ 3 6
 1 4 │ 0 9 3 8 │ 6 7
 5 1 │ 4 2 8 4 │ 8 4
  ┼────────────────────────┼
 9 7 │ 9 2 1 5 │ 9 5
 7 3 │ 1 2 4 1 │ 1 7

# Square 99  (outer=2775276853, inner=8474358575660)
TL=(9,1,6,8) TR=(4,6,6,6) BL=(9,6,6,2) BR=(9,6,1,8)
 9 1 │ 4 1 8 6 │ 4 6
 6 8 │ 4 4 8 8 │ 6 6
  ┼────────────────────────┼
 9 1 │ 4 0 0 4 │ 4 4
 2 1 │ 0 2 9 4 │ 1 4
 1 1 │ 0 9 6 8 │ 8 8
 6 6 │ 4 4 8 8 │ 6 8
  ┼────────────────────────┼
 9 6 │ 9 2 1 6 │ 9 6
 6 2 │ 1 1 1 6 │ 1 8

# Square 100  (outer=2836285439, inner=8546269423205)
TL=(9,1,7,7) TR=(7,2,2,4) BL=(7,9,9,4) BR=(9,7,1,7)
 9 1 │ 6 5 5 2 │ 7 2
 7 7 │ 1 8 4 8 │ 2 4
  ┼────────────────────────┼
 7 1 │ 4 3 3 1 │ 6 1
 6 5 │ 3 7 7 0 │ 5 8
 6 9 │ 3 7 2 6 │ 5 4
 3 8 │ 1 0 6 4 │ 2 8
  ┼────────────────────────┼
 7 9 │ 7 6 6 3 │ 9 7
 9 4 │ 1 5 9 8 │ 1 7

# Square 101  (outer=2906255144, inner=8631715872904)
TL=(9,1,8,8) TR=(1,4,4,3) BL=(1,6,6,2) BR=(9,8,1,8)
 9 1 │ 1 2 7 4 │ 1 4
 8 8 │ 3 7 8 4 │ 4 3
  ┼────────────────────────┼
 1 1 │ 0 1 4 3 │ 1 3
 5 1 │ 1 3 7 7 │ 2 7
 6 1 │ 4 7 5 8 │ 7 8
 8 6 │ 3 7 8 4 │ 4 4
  ┼────────────────────────┼
 1 6 │ 1 5 6 8 │ 9 8
 6 2 │ 1 1 1 6 │ 1 8

# Square 102  (outer=2911458422, inner=8639728921896)
TL=(9,1,8,8) TR=(6,9,9,7) BL=(6,6,6,8) BR=(9,8,1,8)
 9 1 │ 6 2 7 9 │ 6 9
 8 8 │ 8 5 3 6 │ 9 7
  ┼────────────────────────┼
 6 1 │ 4 1 4 8 │ 6 8
 4 2 │ 1 0 5 0 │ 2 5
 6 2 │ 4 5 2 6 │ 7 3
 8 4 │ 8 0 6 4 │ 9 6
  ┼────────────────────────┼
 6 6 │ 6 4 6 8 │ 9 8
 6 8 │ 1 2 2 4 │ 1 8

# Square 103  (outer=2914950282, inner=8645106386292)
TL=(9,1,8,8) TR=(9,8,8,6) BL=(6,6,6,2) BR=(9,8,1,8)
 9 1 │ 8 9 1 8 │ 9 8
 8 8 │ 7 5 6 8 │ 8 6
  ┼────────────────────────┼
 6 1 │ 5 3 0 7 │ 8 7
 4 1 │ 3 8 9 5 │ 9 5
 6 1 │ 0 9 7 6 │ 1 6
 8 6 │ 7 5 6 8 │ 8 8
  ┼────────────────────────┼
 6 6 │ 6 4 6 8 │ 9 8
 6 2 │ 1 1 1 6 │ 1 8

# Square 104  (outer=3010586809, inner=8800261192831)
TL=(9,2,1,9) TR=(7,6,6,7) BL=(7,5,5,6) BR=(9,1,2,9)
 9 2 │ 6 9 9 2 │ 7 6
 1 9 │ 1 2 7 3 │ 6 7
  ┼────────────────────────┼
 6 1 │ 3 7 2 1 │ 6 1
 8 6 │ 7 9 1 2 │ 9 2
 2 2 │ 2 1 3 4 │ 9 7
 5 4 │ 1 2 4 2 │ 2 3
  ┼────────────────────────┼
 7 5 │ 6 8 2 5 │ 9 1
 5 6 │ 1 6 2 4 │ 2 9

# Square 105  (outer=3011229862, inner=8802236651769)
TL=(9,2,1,9) TR=(8,6,6,3) BL=(7,9,9,1) BR=(9,1,2,9)
 9 2 │ 7 9 1 2 │ 8 6
 1 9 │ 1 1 9 7 │ 6 3
  ┼────────────────────────┼
 7 2 │ 5 1 1 2 │ 7 1
 1 6 │ 1 4 5 6 │ 9 1
 8 3 │ 1 5 7 7 │ 1 9
 9 9 │ 2 6 7 3 │ 2 7
  ┼────────────────────────┼
 7 9 │ 7 1 8 9 │ 9 1
 9 1 │ 2 6 3 9 │ 2 9

# Square 106  (outer=3029909589, inner=8840132596001)
TL=(9,2,2,5) TR=(2,1,8,7) BL=(2,8,1,7) BR=(4,6,6,8)
 9 2 │ 1 9 3 2 │ 2 1
 2 5 │ 2 1 7 5 │ 8 7
  ┼────────────────────────┼
 1 2 │ 0 1 3 2 │ 1 1
 9 1 │ 1 9 1 1 │ 2 1
 3 7 │ 3 1 4 5 │ 8 5
 2 5 │ 2 1 5 0 │ 8 6
  ┼────────────────────────┼
 2 8 │ 1 2 8 8 │ 4 6
 1 7 │ 1 1 5 6 │ 6 8

# Square 107  (outer=3031940924, inner=8843090220659)
TL=(9,2,2,5) TR=(7,6,5,9) BL=(7,5,6,9) BR=(9,1,1,9)
 9 2 │ 6 9 9 2 │ 7 6
 2 5 │ 1 4 7 5 │ 5 9
  ┼────────────────────────┼
 6 1 │ 3 7 2 1 │ 6 1
 9 4 │ 7 8 0 2 │ 8 3
 9 7 │ 2 0 3 7 │ 2 1
 2 5 │ 1 2 7 5 │ 5 1
  ┼────────────────────────┼
 7 5 │ 6 8 2 5 │ 9 1
 6 9 │ 1 3 1 1 │ 1 9

# Square 108  (outer=3032842156, inner=8844402414805)
TL=(9,2,2,5) TR=(9,6,9,5) BL=(9,9,6,5) BR=(5,8,8,1)
 9 2 │ 8 8 3 2 │ 9 6
 2 5 │ 2 3 7 5 │ 9 5
  ┼────────────────────────┼
 8 2 │ 4 5 1 0 │ 5 5
 8 3 │ 5 9 7 6 │ 7 2
 3 7 │ 1 7 0 2 │ 4 6
 2 5 │ 0 6 2 5 │ 2 5
  ┼────────────────────────┼
 9 9 │ 5 7 4 2 │ 5 8
 6 5 │ 5 2 6 5 │ 8 1

# Square 109  (outer=3054446102, inner=8896815572405)
TL=(9,2,2,9) TR=(9,6,4,3) BL=(9,4,6,3) BR=(3,1,1,9)
 9 2 │ 8 8 3 2 │ 9 6
 2 9 │ 1 2 4 7 │ 4 3
  ┼────────────────────────┼
 8 1 │ 1 7 0 1 │ 2 1
 8 2 │ 7 4 6 2 │ 9 1
 3 4 │ 0 6 4 6 │ 1 9
 2 7 │ 1 2 6 9 │ 4 7
  ┼────────────────────────┼
 9 4 │ 2 9 1 4 │ 3 1
 6 3 │ 1 1 9 7 │ 1 9

# Square 110  (outer=3311037333, inner=9421793922756)
TL=(9,2,7,4) TR=(4,1,1,7) BL=(1,5,5,3) BR=(9,7,2,4)
 9 2 │ 3 7 7 2 │ 4 1
 7 4 │ 1 2 5 8 │ 1 7
  ┼────────────────────────┼
 1 1 │ 0 3 4 1 │ 3 1
 4 2 │ 3 0 2 4 │ 7 2
 5 7 │ 4 2 7 5 │ 7 5
 5 2 │ 1 4 5 6 │ 2 8
  ┼────────────────────────┼
 1 5 │ 1 4 5 5 │ 9 7
 5 3 │ 1 2 7 2 │ 2 4

# Square 111  (outer=3313903505, inner=9428397584129)
TL=(9,2,7,4) TR=(7,1,1,8) BL=(5,5,5,9) BR=(9,7,2,4)
 9 2 │ 6 5 3 2 │ 7 1
 7 4 │ 1 3 3 2 │ 1 8
  ┼────────────────────────┼
 5 1 │ 3 1 1 1 │ 6 1
 3 4 │ 1 8 0 2 │ 5 3
 3 1 │ 1 0 2 3 │ 3 3
 5 6 │ 1 2 3 2 │ 2 2
  ┼────────────────────────┼
 5 5 │ 5 3 3 5 │ 9 7
 5 9 │ 1 4 1 6 │ 2 4

# Square 112  (outer=3314804263, inner=9430472931024)
TL=(9,2,7,4) TR=(8,1,1,7) BL=(7,5,5,3) BR=(9,7,2,4)
 9 2 │ 7 4 5 2 │ 8 1
 7 4 │ 1 2 5 8 │ 1 7
  ┼────────────────────────┼
 7 1 │ 5 0 4 1 │ 7 1
 2 2 │ 0 9 2 4 │ 4 2
 7 7 │ 4 2 3 5 │ 5 5
 5 2 │ 1 4 5 6 │ 2 8
  ┼────────────────────────┼
 7 5 │ 7 2 7 5 │ 9 7
 5 3 │ 1 2 7 2 │ 2 4

# Square 113  (outer=3377163614, inner=9576417075822)
TL=(9,2,8,4) TR=(5,1,1,6) BL=(8,7,7,8) BR=(9,8,2,4)
 9 2 │ 4 6 9 2 │ 5 1
 8 4 │ 1 3 4 4 │ 1 6
  ┼────────────────────────┼
 8 1 │ 3 3 2 1 │ 4 1
 5 8 │ 3 6 5 4 │ 6 3
 2 7 │ 2 5 3 8 │ 9 4
 6 2 │ 1 4 8 8 │ 2 4
  ┼────────────────────────┼
 8 7 │ 8 5 2 6 │ 9 8
 7 8 │ 1 8 7 2 │ 2 4

# Square 114  (outer=3377165395, inner=9576420602199)
TL=(9,2,8,4) TR=(5,1,1,7) BL=(8,7,7,4) BR=(9,8,2,4)
 9 2 │ 4 6 9 2 │ 5 1
 8 4 │ 1 4 2 8 │ 1 7
  ┼────────────────────────┼
 8 1 │ 3 3 2 1 │ 4 1
 5 7 │ 3 6 4 8 │ 6 4
 2 7 │ 2 4 8 4 │ 9 2
 6 6 │ 1 8 4 8 │ 2 8
  ┼────────────────────────┼
 8 7 │ 8 5 2 6 │ 9 8
 7 4 │ 1 7 7 6 │ 2 4

# Square 115  (outer=3404590309, inner=9634539588719)
TL=(9,2,8,8) TR=(5,1,1,9) BL=(8,6,6,7) BR=(9,8,2,8)
 9 2 │ 4 6 9 2 │ 5 1
 8 8 │ 1 6 7 2 │ 1 9
  ┼────────────────────────┼
 8 1 │ 3 3 2 1 │ 4 1
 4 8 │ 3 1 6 8 │ 6 6
 2 7 │ 2 6 1 9 │ 9 7
 8 6 │ 1 8 9 2 │ 2 2
  ┼────────────────────────┼
 8 6 │ 8 4 2 8 │ 9 8
 6 7 │ 1 8 7 6 │ 2 8

# Square 116  (outer=3424460816, inner=9682024943645)
TL=(9,2,9,1) TR=(9,1,1,4) BL=(5,5,5,3) BR=(9,9,2,1)
 9 2 │ 8 3 7 2 │ 9 1
 9 1 │ 1 2 7 4 │ 1 4
  ┼────────────────────────┼
 5 1 │ 4 1 3 1 │ 8 1
 4 1 │ 1 3 1 2 │ 3 2
 4 1 │ 3 1 5 7 │ 7 7
 5 3 │ 1 2 7 2 │ 2 4
  ┼────────────────────────┼
 5 5 │ 5 4 4 5 │ 9 9
 5 3 │ 1 1 1 3 │ 2 1

# Square 117  (outer=3442251601, inner=9722587130947)
TL=(9,2,9,4) TR=(4,2,2,8) BL=(1,5,5,1) BR=(9,9,2,4)
 9 2 │ 3 8 6 4 │ 4 2
 9 4 │ 2 6 3 2 │ 2 8
  ┼────────────────────────┼
 1 1 │ 0 3 5 2 │ 3 2
 4 2 │ 3 6 1 2 │ 8 6
 8 2 │ 5 1 6 6 │ 6 3
 5 4 │ 2 2 6 8 │ 4 2
  ┼────────────────────────┼
 1 5 │ 1 4 8 5 │ 9 9
 5 1 │ 1 2 2 4 │ 2 4

# Square 118  (outer=3450614054, inner=9740080911432)
TL=(9,2,9,5) TR=(7,1,1,7) BL=(5,4,4,5) BR=(9,9,2,5)
 9 2 │ 6 5 3 2 │ 7 1
 9 5 │ 1 6 1 5 │ 1 7
  ┼────────────────────────┼
 5 1 │ 3 1 1 1 │ 6 1
 3 1 │ 1 7 3 6 │ 5 6
 4 2 │ 1 3 0 2 │ 3 1
 6 5 │ 1 6 2 5 │ 2 5
  ┼────────────────────────┼
 5 4 │ 5 3 4 6 │ 9 9
 4 5 │ 1 1 2 5 │ 2 5

# DONE: found=118  outer=3523201081  inner=9942862716547  time=169249s
