# Searching TL indices [3822, 4368)
# Square 1  (outer=39715373, inner=106544193073)
TL=(6,3,3,4) TR=(2,9,8,6) BL=(2,8,9,6) BR=(4,7,7,6)
 6 3 │ 1 8 2 7 │ 2 9
 3 4 │ 2 9 2 4 │ 8 6
  ┼────────────────────────┼
 1 2 │ 0 2 0 4 │ 1 7
 8 9 │ 2 8 4 8 │ 3 2
 2 2 │ 0 4 1 8 │ 1 9
 7 4 │ 4 8 8 4 │ 6 6
  ┼────────────────────────┼
 2 8 │ 1 3 1 6 │ 4 7
 9 6 │ 7 2 9 6 │ 7 6

# Square 2  (outer=40564751, inner=108939439421)
TL=(6,3,3,4) TR=(4,4,3,6) BL=(4,3,4,6) BR=(6,2,2,7)
 6 3 │ 2 7 7 2 │ 4 4
 3 4 │ 1 2 2 4 │ 3 6
  ┼────────────────────────┼
 2 1 │ 0 4 4 1 │ 2 1
 7 2 │ 4 4 6 4 │ 6 2
 7 2 │ 4 6 0 8 │ 6 4
 2 4 │ 1 4 8 8 │ 6 2
  ┼────────────────────────┼
 4 3 │ 2 6 6 6 │ 6 2
 4 6 │ 1 2 4 2 │ 2 7

# Square 3  (outer=57401842, inner=151413308499)
TL=(6,3,3,6) TR=(9,8,9,1) BL=(9,9,8,1) BR=(6,5,5,3)
 6 3 │ 6 1 7 4 │ 9 8
 3 6 │ 3 2 7 6 │ 9 1
  ┼────────────────────────┼
 6 3 │ 4 0 3 2 │ 6 4
 1 2 │ 0 5 0 4 │ 4 2
 7 7 │ 3 0 0 3 │ 3 9
 4 6 │ 2 4 3 8 │ 5 3
  ┼────────────────────────┼
 9 9 │ 6 4 3 5 │ 6 5
 8 1 │ 4 2 9 3 │ 5 3

# Square 4  (outer=84812490, inner=232649351343)
TL=(6,3,4,1) TR=(6,9,9,5) BL=(8,7,7,6) BR=(6,4,3,1)
 6 3 │ 4 3 4 7 │ 6 9
 4 1 │ 3 8 9 5 │ 9 5
  ┼────────────────────────┼
 5 2 │ 2 2 3 6 │ 4 3
 5 3 │ 2 0 1 4 │ 3 8
 6 5 │ 3 1 8 5 │ 4 9
 8 6 │ 6 4 5 0 │ 7 5
  ┼────────────────────────┼
 8 7 │ 5 5 6 8 │ 6 4
 7 6 │ 2 3 5 6 │ 3 1

# Square 5  (outer=93670525, inner=253402177218)
TL=(6,3,4,2) TR=(8,4,4,2) BL=(3,4,4,8) BR=(6,4,3,2)
 6 3 │ 5 2 9 2 │ 8 4
 4 2 │ 1 7 6 4 │ 4 2
  ┼────────────────────────┼
 2 1 │ 1 0 7 1 │ 5 1
 1 5 │ 0 4 0 5 │ 2 7
 7 3 │ 7 0 0 8 │ 9 6
 6 6 │ 1 5 8 4 │ 2 4
  ┼────────────────────────┼
 3 4 │ 2 1 7 6 │ 6 4
 4 8 │ 1 5 3 6 │ 3 2

# Square 6  (outer=119901724, inner=313462235653)
TL=(6,3,4,6) TR=(7,5,5,6) BL=(2,7,7,7) BR=(6,4,3,6)
 6 3 │ 4 7 2 5 │ 7 5
 4 6 │ 2 5 7 6 │ 5 6
  ┼────────────────────────┼
 1 2 │ 0 5 0 4 │ 4 2
 7 7 │ 5 7 7 5 │ 7 5
 2 7 │ 0 7 2 9 │ 2 7
 8 2 │ 4 5 9 2 │ 5 6
  ┼────────────────────────┼
 2 7 │ 1 7 2 8 │ 6 4
 7 7 │ 2 7 7 2 │ 3 6

# Square 7  (outer=127873482, inner=334528280315)
TL=(6,3,4,7) TR=(7,6,6,9) BL=(2,7,7,9) BR=(6,4,3,7)
 6 3 │ 4 7 8 8 │ 7 6
 4 7 │ 3 2 4 3 │ 6 9
  ┼────────────────────────┼
 1 2 │ 0 5 1 6 │ 4 3
 7 9 │ 5 6 8 8 │ 7 2
 2 2 │ 1 8 4 8 │ 8 4
 8 3 │ 6 8 8 9 │ 8 3
  ┼────────────────────────┼
 2 7 │ 1 7 2 8 │ 6 4
 7 9 │ 2 9 2 3 │ 3 7

# Square 8  (outer=309148556, inner=722718457427)
TL=(6,3,7,3) TR=(2,6,6,4) BL=(5,5,5,4) BR=(6,7,3,3)
 6 3 │ 1 6 3 8 │ 2 6
 7 3 │ 4 6 7 2 │ 6 4
  ┼────────────────────────┼
 3 1 │ 0 4 3 4 │ 1 4
 6 7 │ 4 4 2 2 │ 6 6
 8 8 │ 3 2 5 6 │ 3 7
 5 2 │ 4 2 6 4 │ 8 2
  ┼────────────────────────┼
 5 5 │ 3 6 8 5 │ 6 7
 5 4 │ 1 7 8 2 │ 3 3

# Square 9  (outer=437067032, inner=1082304218358)
TL=(6,3,8,9) TR=(3,9,9,3) BL=(2,6,6,9) BR=(6,8,3,9)
 6 3 │ 2 4 5 7 │ 3 9
 8 9 │ 8 2 7 7 │ 9 3
  ┼────────────────────────┼
 1 2 │ 0 3 3 6 │ 2 8
 7 6 │ 3 1 9 2 │ 4 2
 6 9 │ 3 9 3 3 │ 5 7
 8 1 │ 6 2 3 7 │ 7 7
  ┼────────────────────────┼
 2 6 │ 1 7 6 8 │ 6 8
 6 9 │ 2 6 9 1 │ 3 9

# Square 10  (outer=543101229, inner=1398734206628)
TL=(6,4,2,1) TR=(2,8,8,7) BL=(9,3,3,1) BR=(6,2,4,1)
 6 4 │ 1 7 9 2 │ 2 8
 2 1 │ 1 8 2 7 │ 8 7
  ┼────────────────────────┼
 5 1 │ 0 5 6 1 │ 1 1
 7 2 │ 5 6 1 6 │ 7 8
 6 7 │ 6 1 6 4 │ 9 2
 6 1 │ 1 6 4 7 │ 2 7
  ┼────────────────────────┼
 9 3 │ 5 7 6 6 │ 6 2
 3 1 │ 1 2 7 1 │ 4 1

# Square 11  (outer=590218647, inner=1525449276123)
TL=(6,4,3,1) TR=(8,7,7,6) BL=(6,9,9,5) BR=(6,3,4,1)
 6 4 │ 5 5 6 8 │ 8 7
 3 1 │ 2 3 5 6 │ 7 6
  ┼────────────────────────┼
 4 3 │ 2 2 3 6 │ 5 2
 3 8 │ 2 0 1 4 │ 5 3
 4 9 │ 3 1 8 5 │ 6 5
 7 5 │ 6 4 5 0 │ 8 6
  ┼────────────────────────┼
 6 9 │ 4 3 4 7 │ 6 3
 9 5 │ 3 8 9 5 │ 4 1

# Square 12  (outer=592118946, inner=1531248893202)
TL=(6,4,3,2) TR=(3,4,4,8) BL=(8,4,4,2) BR=(6,3,4,2)
 6 4 │ 2 1 7 6 │ 3 4
 3 2 │ 1 5 3 6 │ 4 8
  ┼────────────────────────┼
 5 1 │ 1 0 7 1 │ 2 1
 2 7 │ 0 4 0 5 │ 1 5
 9 6 │ 7 0 0 8 │ 7 3
 2 4 │ 1 5 8 4 │ 6 6
  ┼────────────────────────┼
 8 4 │ 5 2 9 2 │ 6 3
 4 2 │ 1 7 6 4 │ 4 2

# Square 13  (outer=612897338, inner=1589829114403)
TL=(6,4,3,6) TR=(2,7,7,7) BL=(7,5,5,6) BR=(6,3,4,6)
 6 4 │ 1 7 2 8 │ 2 7
 3 6 │ 2 7 7 2 │ 7 7
  ┼────────────────────────┼
 4 2 │ 0 5 0 4 │ 1 2
 7 5 │ 5 7 7 5 │ 7 7
 2 7 │ 0 7 2 9 │ 2 7
 5 6 │ 4 5 9 2 │ 8 2
  ┼────────────────────────┼
 7 5 │ 4 7 2 5 │ 6 3
 5 6 │ 2 5 7 6 │ 4 6

# Square 14  (outer=619121504, inner=1608362934811)
TL=(6,4,3,7) TR=(2,7,7,9) BL=(7,6,6,9) BR=(6,3,4,7)
 6 4 │ 1 7 2 8 │ 2 7
 3 7 │ 2 9 2 3 │ 7 9
  ┼────────────────────────┼
 4 3 │ 0 5 1 6 │ 1 2
 7 2 │ 5 6 8 8 │ 7 9
 8 4 │ 1 8 4 8 │ 2 2
 8 3 │ 6 8 8 9 │ 8 3
  ┼────────────────────────┼
 7 6 │ 4 7 8 8 │ 6 3
 6 9 │ 3 2 4 3 │ 4 7

# Square 15  (outer=642525359, inner=1682630881355)
TL=(6,4,4,1) TR=(7,3,4,1) BL=(7,4,3,1) BR=(2,4,4,7)
 6 4 │ 4 6 7 2 │ 7 3
 4 1 │ 1 6 8 1 │ 4 1
  ┼────────────────────────┼
 4 1 │ 0 4 5 1 │ 1 1
 6 6 │ 4 8 8 4 │ 7 4
 7 8 │ 5 8 5 0 │ 7 5
 2 1 │ 1 4 0 7 │ 6 7
  ┼────────────────────────┼
 7 4 │ 1 7 7 6 │ 2 4
 3 1 │ 1 4 5 7 │ 4 7

# Square 16  (outer=676193546, inner=1769194849611)
TL=(6,4,4,7) TR=(3,9,2,4) BL=(3,2,9,4) BR=(5,1,1,9)
 6 4 │ 2 4 9 6 │ 3 9
 4 7 │ 1 1 2 8 │ 2 4
  ┼────────────────────────┼
 2 1 │ 0 2 3 1 │ 1 1
 4 1 │ 2 7 4 7 │ 6 7
 9 2 │ 3 4 9 6 │ 3 8
 6 8 │ 1 7 6 8 │ 2 6
  ┼────────────────────────┼
 3 2 │ 1 6 3 2 │ 5 1
 9 4 │ 1 7 8 6 │ 1 9

# Square 17  (outer=686019583, inner=1796984846736)
TL=(6,4,4,8) TR=(7,6,4,7) BL=(7,4,6,7) BR=(4,9,9,6)
 6 4 │ 4 8 6 4 │ 7 6
 4 8 │ 2 2 5 6 │ 4 7
  ┼────────────────────────┼
 4 2 │ 1 5 1 2 │ 3 6
 8 2 │ 5 2 4 8 │ 6 4
 6 5 │ 1 4 9 5 │ 2 3
 4 6 │ 2 8 5 2 │ 6 2
  ┼────────────────────────┼
 7 4 │ 3 6 2 6 │ 4 9
 6 7 │ 6 4 3 2 │ 9 6

# Square 18  (outer=686906848, inner=1799336099318)
TL=(6,4,4,8) TR=(8,4,9,4) BL=(8,9,4,4) BR=(5,3,3,6)
 6 4 │ 5 3 7 6 │ 8 4
 4 8 │ 4 5 1 2 │ 9 4
  ┼────────────────────────┼
 5 4 │ 2 2 1 4 │ 4 1
 3 5 │ 2 6 2 5 │ 7 5
 7 1 │ 1 2 7 8 │ 1 8
 6 2 │ 4 5 8 8 │ 7 4
  ┼────────────────────────┼
 8 9 │ 4 7 1 7 │ 5 3
 4 4 │ 1 5 8 4 │ 3 6

# Square 19  (outer=690146354, inner=1808533877166)
TL=(6,4,4,9) TR=(4,4,7,3) BL=(4,7,4,3) BR=(8,9,9,6)
 6 4 │ 2 8 1 6 │ 4 4
 4 9 │ 3 5 7 7 │ 7 3
  ┼────────────────────────┼
 2 3 │ 1 0 1 2 │ 4 4
 8 5 │ 0 9 3 5 │ 1 1
 1 7 │ 1 3 9 4 │ 8 2
 6 7 │ 2 5 4 6 │ 3 8
  ┼────────────────────────┼
 4 7 │ 4 1 8 3 │ 8 9
 4 3 │ 4 1 2 8 │ 9 6

# Square 20  (outer=693681552, inner=1819026346221)
TL=(6,4,4,9) TR=(8,4,6,1) BL=(8,6,4,1) BR=(7,6,6,5)
 6 4 │ 5 3 7 6 │ 8 4
 4 9 │ 2 9 8 9 │ 6 1
  ┼────────────────────────┼
 5 2 │ 3 2 2 4 │ 6 2
 3 9 │ 2 1 8 4 │ 5 6
 7 8 │ 2 8 0 8 │ 3 6
 6 9 │ 4 4 8 5 │ 6 5
  ┼────────────────────────┼
 8 6 │ 6 5 3 6 │ 7 6
 4 1 │ 2 6 6 5 │ 6 5

# Square 21  (outer=820907921, inner=2096682466084)
TL=(6,4,7,1) TR=(3,1,1,9) BL=(8,5,5,4) BR=(6,7,4,1)
 6 4 │ 1 9 8 4 │ 3 1
 7 1 │ 1 3 4 9 │ 1 9
  ┼────────────────────────┼
 5 2 │ 0 5 7 2 │ 1 1
 6 2 │ 5 7 6 6 │ 9 3
 9 1 │ 7 6 4 4 │ 8 4
 5 4 │ 2 6 4 6 │ 4 9
  ┼────────────────────────┼
 8 5 │ 5 6 9 5 │ 6 7
 5 4 │ 2 2 1 4 │ 4 1

# Square 22  (outer=843119042, inner=2170529265570)
TL=(6,4,7,4) TR=(2,6,6,3) BL=(3,8,8,3) BR=(6,7,4,4)
 6 4 │ 1 6 6 4 │ 2 6
 7 4 │ 4 6 6 2 │ 6 3
  ┼────────────────────────┼
 2 3 │ 0 3 2 2 │ 1 4
 5 6 │ 3 6 9 6 │ 6 6
 4 5 │ 2 9 7 0 │ 6 6
 6 2 │ 2 6 0 4 │ 4 2
  ┼────────────────────────┼
 3 8 │ 2 5 4 6 │ 6 7
 8 3 │ 3 6 5 2 │ 4 4

# Square 23  (outer=997824820, inner=2645628175576)
TL=(6,4,9,7) TR=(5,4,4,7) BL=(4,7,7,1) BR=(6,9,4,7)
 6 4 │ 3 4 5 6 │ 5 4
 9 7 │ 4 5 5 9 │ 4 7
  ┼────────────────────────┼
 3 3 │ 1 1 2 2 │ 3 4
 2 3 │ 1 0 3 5 │ 4 5
 4 3 │ 2 3 6 5 │ 5 5
 3 7 │ 2 5 5 3 │ 6 9
  ┼────────────────────────┼
 4 7 │ 3 2 4 3 │ 6 9
 7 1 │ 3 3 3 7 │ 4 7

# Square 24  (outer=1024678156, inner=2735196075600)
TL=(6,5,1,7) TR=(5,9,9,5) BL=(2,5,5,7) BR=(6,1,5,7)
 6 5 │ 3 8 3 5 │ 5 9
 1 7 │ 1 6 1 5 │ 9 5
  ┼────────────────────────┼
 1 3 │ 0 4 0 3 │ 3 1
 5 2 │ 4 4 7 2 │ 8 6
 2 4 │ 0 7 4 4 │ 3 1
 5 9 │ 3 2 4 5 │ 5 5
  ┼────────────────────────┼
 2 5 │ 1 5 2 5 │ 6 1
 5 7 │ 3 2 4 9 │ 5 7

# Square 25  (outer=1132008070, inner=3049537991920)
TL=(6,5,5,3) TR=(2,9,9,4) BL=(5,5,5,9) BR=(6,5,5,3)
 6 5 │ 1 8 8 5 │ 2 9
 5 3 │ 4 9 8 2 │ 9 4
  ┼────────────────────────┼
 3 3 │ 0 4 6 2 │ 1 4
 5 1 │ 4 5 3 9 │ 8 9
 7 2 │ 6 3 3 6 │ 8 8
 5 7 │ 2 9 6 4 │ 5 2
  ┼────────────────────────┼
 5 5 │ 3 5 7 5 │ 6 5
 5 9 │ 3 1 2 7 │ 5 3

# Square 26  (outer=1133199770, inner=3051818905167)
TL=(6,5,5,3) TR=(5,5,5,9) BL=(2,9,9,4) BR=(6,5,5,3)
 6 5 │ 3 5 7 5 │ 5 5
 5 3 │ 3 1 2 7 │ 5 9
  ┼────────────────────────┼
 1 4 │ 0 4 6 2 │ 3 3
 8 9 │ 4 5 3 9 │ 5 1
 8 8 │ 6 3 3 6 │ 7 2
 5 2 │ 2 9 6 4 │ 5 7
  ┼────────────────────────┼
 2 9 │ 1 8 8 5 │ 6 5
 9 4 │ 4 9 8 2 │ 5 3

# Square 27  (outer=1135769608, inner=3056737576654)
TL=(6,5,5,3) TR=(9,9,8,1) BL=(9,8,9,1) BR=(6,3,3,6)
 6 5 │ 6 4 3 5 │ 9 9
 5 3 │ 4 2 9 3 │ 8 1
  ┼────────────────────────┼
 6 4 │ 4 0 3 2 │ 6 3
 4 2 │ 0 5 0 4 │ 1 2
 3 9 │ 3 0 0 3 │ 7 7
 5 3 │ 2 4 3 8 │ 4 6
  ┼────────────────────────┼
 9 8 │ 6 1 7 4 │ 6 3
 9 1 │ 3 2 7 6 │ 3 6

# Square 28  (outer=1146684476, inner=3074066851350)
TL=(6,5,5,7) TR=(2,3,3,3) BL=(2,3,3,3) BR=(5,8,8,6)
 6 5 │ 1 4 9 5 │ 2 3
 5 7 │ 1 8 8 1 │ 3 3
  ┼────────────────────────┼
 1 1 │ 0 1 3 2 │ 1 2
 4 8 │ 1 8 2 4 │ 3 8
 9 8 │ 3 2 3 4 │ 3 3
 5 1 │ 2 4 4 8 │ 4 8
  ┼────────────────────────┼
 2 3 │ 1 3 3 4 │ 5 8
 3 3 │ 2 8 3 8 │ 8 6

# Square 29  (outer=1152807303, inner=3085390319873)
TL=(6,5,5,8) TR=(5,9,9,1) BL=(5,9,9,1) BR=(5,9,9,2)
 6 5 │ 3 8 3 5 │ 5 9
 5 8 │ 5 2 7 8 │ 9 1
  ┼────────────────────────┼
 3 5 │ 1 3 3 0 │ 3 8
 8 2 │ 3 5 2 6 │ 4 3
 3 7 │ 3 2 1 9 │ 8 7
 5 8 │ 0 6 9 6 │ 1 2
  ┼────────────────────────┼
 5 9 │ 3 4 8 1 │ 5 9
 9 1 │ 8 3 7 2 │ 9 2

# Square 30  (outer=1156384256, inner=3092013395081)
TL=(6,5,5,9) TR=(4,5,3,1) BL=(4,3,5,1) BR=(5,9,9,6)
 6 5 │ 2 9 2 5 │ 4 5
 5 9 │ 1 8 2 9 │ 3 1
  ┼────────────────────────┼
 2 1 │ 0 5 0 4 │ 2 4
 9 8 │ 5 6 8 4 │ 5 8
 2 2 │ 0 8 5 8 │ 3 9
 5 9 │ 4 4 8 4 │ 7 6
  ┼────────────────────────┼
 4 3 │ 2 5 3 7 │ 5 9
 5 1 │ 4 8 9 6 │ 9 6

# Square 31  (outer=1159662868, inner=3098505048137)
TL=(6,5,5,9) TR=(9,9,8,2) BL=(9,8,9,2) BR=(3,3,3,6)
 6 5 │ 6 4 3 5 │ 9 9
 5 9 │ 4 8 3 8 │ 8 2
  ┼────────────────────────┼
 6 4 │ 2 1 1 2 │ 3 3
 4 8 │ 1 1 0 4 │ 2 3
 3 3 │ 1 0 2 3 │ 3 1
 5 8 │ 2 4 3 6 │ 4 2
  ┼────────────────────────┼
 9 8 │ 3 2 3 4 │ 3 3
 9 2 │ 3 3 1 2 │ 3 6

# Square 32  (outer=1193823664, inner=3194542523704)
TL=(6,5,6,9) TR=(4,1,1,9) BL=(4,2,2,5) BR=(6,6,5,9)
 6 5 │ 2 6 6 5 │ 4 1
 6 9 │ 1 3 1 1 │ 1 9
  ┼────────────────────────┼
 2 1 │ 0 4 4 1 │ 2 1
 7 4 │ 4 6 6 2 │ 6 3
 7 7 │ 4 6 9 7 │ 6 1
 2 5 │ 1 2 7 5 │ 5 1
  ┼────────────────────────┼
 4 2 │ 2 7 7 2 │ 6 6
 2 5 │ 1 4 7 5 │ 5 9

# Square 33  (outer=1236585170, inner=3341813596266)
TL=(6,5,7,9) TR=(8,9,9,3) BL=(3,6,6,5) BR=(6,7,5,9)
 6 5 │ 5 7 8 5 │ 8 9
 7 9 │ 7 3 4 7 │ 9 3
  ┼────────────────────────┼
 2 3 │ 1 3 1 1 │ 5 7
 4 8 │ 3 5 0 4 │ 7 3
 1 3 │ 1 0 9 2 │ 8 4
 2 5 │ 1 4 2 5 │ 5 7
  ┼────────────────────────┼
 3 6 │ 2 4 1 2 │ 6 7
 6 5 │ 3 8 3 5 │ 5 9

# Square 34  (outer=1242466755, inner=3362973066638)
TL=(6,5,8,2) TR=(3,3,3,8) BL=(6,8,8,8) BR=(6,8,5,2)
 6 5 │ 2 1 4 5 │ 3 3
 8 2 │ 3 1 1 6 │ 3 8
  ┼────────────────────────┼
 4 4 │ 1 0 1 2 │ 2 3
 6 5 │ 0 7 1 5 │ 1 1
 2 7 │ 1 1 0 7 │ 4 1
 4 6 │ 2 5 7 6 │ 5 6
  ┼────────────────────────┼
 6 8 │ 4 6 2 4 │ 6 8
 8 8 │ 4 5 7 6 │ 5 2

# Square 35  (outer=1280800998, inner=3485405172240)
TL=(6,5,9,1) TR=(8,5,5,7) BL=(3,9,9,1) BR=(6,9,5,1)
 6 5 │ 5 5 2 5 │ 8 5
 9 1 │ 5 1 8 7 │ 5 7
  ┼────────────────────────┼
 2 4 │ 1 3 2 0 │ 5 5
 6 6 │ 3 3 6 6 │ 5 1
 9 4 │ 2 6 3 2 │ 2 8
 1 1 │ 0 6 2 7 │ 5 7
  ┼────────────────────────┼
 3 9 │ 2 6 9 1 │ 6 9
 9 1 │ 4 6 4 1 │ 5 1

# Square 36  (outer=1286965639, inner=3506652269065)
TL=(6,5,9,3) TR=(3,5,5,3) BL=(8,3,3,2) BR=(6,9,5,3)
 6 5 │ 2 2 7 5 │ 3 5
 9 3 │ 4 9 2 9 │ 5 3
  ┼────────────────────────┼
 5 1 │ 1 2 2 4 │ 2 4
 7 6 │ 2 2 0 4 │ 2 9
 2 9 │ 2 0 8 8 │ 7 2
 7 6 │ 4 4 8 4 │ 5 9
  ┼────────────────────────┼
 8 3 │ 5 7 2 7 │ 6 9
 3 2 │ 1 6 9 6 │ 5 3

# Square 37  (outer=1303849631, inner=3561854070696)
TL=(6,5,9,7) TR=(4,5,5,1) BL=(9,5,5,6) BR=(6,9,5,7)
 6 5 │ 2 9 2 5 │ 4 5
 9 7 │ 4 9 4 7 │ 5 1
  ┼────────────────────────┼
 6 3 │ 1 5 1 2 │ 2 4
 5 1 │ 5 0 4 9 │ 9 9
 5 9 │ 1 4 1 6 │ 2 4
 5 2 │ 2 9 6 4 │ 5 7
  ┼────────────────────────┼
 9 5 │ 6 5 5 5 │ 6 9
 5 6 │ 3 1 9 2 │ 5 7

# Square 38  (outer=1338801869, inner=3682914493794)
TL=(6,6,2,1) TR=(2,7,7,8) BL=(7,4,4,8) BR=(6,2,6,1)
 6 6 │ 1 7 8 2 │ 2 7
 2 1 │ 1 6 3 8 │ 7 8
  ┼────────────────────────┼
 4 2 │ 0 4 6 2 │ 1 1
 5 9 │ 4 4 8 4 │ 7 6
 8 2 │ 6 8 0 6 │ 8 3
 8 8 │ 2 4 6 4 │ 2 8
  ┼────────────────────────┼
 7 4 │ 4 5 8 8 │ 6 2
 4 8 │ 2 9 2 8 │ 6 1

# Square 39  (outer=1349588924, inner=3714622438765)
TL=(6,6,2,3) TR=(6,8,8,2) BL=(8,8,8,7) BR=(6,2,6,3)
 6 6 │ 4 4 8 8 │ 6 8
 2 3 │ 1 8 8 6 │ 8 2
  ┼────────────────────────┼
 5 5 │ 2 2 5 5 │ 4 1
 4 4 │ 2 1 1 2 │ 4 8
 5 8 │ 5 1 0 4 │ 8 8
 6 1 │ 5 2 4 6 │ 8 6
  ┼────────────────────────┼
 8 8 │ 5 4 5 6 │ 6 2
 8 7 │ 5 4 8 1 │ 6 3

# Square 40  (outer=1545579573, inner=4253143669019)
TL=(6,6,5,9) TR=(4,2,2,5) BL=(4,1,1,9) BR=(6,5,6,9)
 6 6 │ 2 7 7 2 │ 4 2
 5 9 │ 1 4 7 5 │ 2 5
  ┼────────────────────────┼
 2 1 │ 0 4 4 1 │ 2 1
 6 3 │ 4 6 6 2 │ 7 4
 6 1 │ 4 6 9 7 │ 7 7
 5 1 │ 1 2 7 5 │ 2 5
  ┼────────────────────────┼
 4 1 │ 2 6 6 5 │ 6 5
 1 9 │ 1 3 1 1 │ 6 9

# Square 41  (outer=1564770940, inner=4304308234393)
TL=(6,6,6,2) TR=(9,8,1,8) BL=(9,1,8,8) BR=(9,8,8,6)
 6 6 │ 6 4 6 8 │ 9 8
 6 2 │ 1 1 1 6 │ 1 8
  ┼────────────────────────┼
 6 1 │ 5 3 0 7 │ 8 7
 4 1 │ 3 8 9 5 │ 9 5
 6 1 │ 0 9 7 6 │ 1 6
 8 6 │ 7 5 6 8 │ 8 8
  ┼────────────────────────┼
 9 1 │ 8 9 1 8 │ 9 8
 8 8 │ 7 5 6 8 │ 8 6

# Square 42  (outer=1565505980, inner=4306458007394)
TL=(6,6,6,3) TR=(2,3,7,2) BL=(2,7,3,2) BR=(9,7,7,7)
 6 6 │ 1 5 1 8 │ 2 3
 6 3 │ 4 5 3 6 │ 7 2
  ┼────────────────────────┼
 1 4 │ 0 3 0 8 │ 2 2
 5 5 │ 3 5 2 0 │ 6 4
 1 3 │ 0 2 0 8 │ 1 6
 8 6 │ 8 0 8 4 │ 9 4
  ┼────────────────────────┼
 2 7 │ 2 6 1 9 │ 9 7
 3 2 │ 2 4 6 4 │ 7 7

# Square 43  (outer=1572103790, inner=4327043177218)
TL=(6,6,6,3) TR=(9,6,4,7) BL=(9,4,6,7) BR=(3,1,1,7)
 6 6 │ 6 3 3 6 │ 9 6
 6 3 │ 2 9 6 1 │ 4 7
  ┼────────────────────────┼
 6 2 │ 1 3 0 2 │ 2 1
 3 9 │ 3 5 4 9 │ 9 1
 3 6 │ 0 4 6 8 │ 1 3
 6 1 │ 2 9 8 9 │ 4 9
  ┼────────────────────────┼
 9 4 │ 2 9 1 4 │ 3 1
 6 7 │ 1 1 3 9 │ 1 7

# Square 44  (outer=1573505897, inner=4331092762896)
TL=(6,6,6,4) TR=(2,9,5,1) BL=(2,5,9,1) BR=(9,5,5,1)
 6 6 │ 1 9 1 4 │ 2 9
 6 4 │ 3 2 6 4 │ 5 1
  ┼────────────────────────┼
 1 3 │ 0 3 1 2 │ 2 4
 9 2 │ 3 3 1 2 │ 3 6
 1 6 │ 1 1 8 4 │ 7 4
 4 4 │ 2 2 4 4 │ 5 1
  ┼────────────────────────┼
 2 5 │ 2 3 7 5 │ 9 5
 9 1 │ 4 6 4 1 │ 5 1

# Square 45  (outer=1583016168, inner=4353576599993)
TL=(6,6,6,5) TR=(8,9,7,1) BL=(8,7,9,1) BR=(7,7,7,4)
 6 6 │ 5 8 7 4 │ 8 9
 6 5 │ 4 6 1 5 │ 7 1
  ┼────────────────────────┼
 5 4 │ 3 5 6 4 │ 6 6
 8 6 │ 5 7 6 2 │ 6 7
 7 1 │ 6 6 0 3 │ 9 3
 4 5 │ 4 2 3 0 │ 9 4
  ┼────────────────────────┼
 8 7 │ 6 6 9 9 │ 7 7
 9 1 │ 6 7 3 4 │ 7 4

# Square 46  (outer=1583674904, inner=4354931527443)
TL=(6,6,6,6) TR=(2,2,4,3) BL=(2,4,2,3) BR=(5,7,7,9)
 6 6 │ 1 4 5 2 │ 2 2
 6 6 │ 2 8 3 8 │ 4 3
  ┼────────────────────────┼
 1 2 │ 0 1 3 2 │ 1 1
 4 8 │ 1 8 2 4 │ 3 8
 5 3 │ 3 2 3 3 │ 6 1
 2 8 │ 2 4 3 6 │ 8 7
  ┼────────────────────────┼
 2 4 │ 1 3 6 8 │ 5 7
 2 3 │ 1 8 1 7 │ 7 9

# Square 47  (outer=1592795209, inner=4381270301934)
TL=(6,6,6,7) TR=(5,1,5,7) BL=(5,5,1,7) BR=(5,9,9,8)
 6 6 │ 3 3 6 6 │ 5 1
 6 7 │ 3 8 1 9 │ 5 7
  ┼────────────────────────┼
 3 3 │ 1 0 2 3 │ 3 1
 3 8 │ 0 9 8 8 │ 2 6
 6 1 │ 2 8 0 6 │ 4 6
 6 9 │ 3 8 6 4 │ 5 6
  ┼────────────────────────┼
 5 5 │ 3 2 4 5 │ 5 9
 1 7 │ 1 6 6 6 │ 9 8

# Square 48  (outer=1605353399, inner=4420802512334)
TL=(6,6,6,8) TR=(9,8,1,8) BL=(9,1,8,8) BR=(6,9,9,7)
 6 6 │ 6 4 6 8 │ 9 8
 6 8 │ 1 2 2 4 │ 1 8
  ┼────────────────────────┼
 6 1 │ 4 1 4 8 │ 6 8
 4 2 │ 1 0 5 0 │ 2 5
 6 2 │ 4 5 2 6 │ 7 3
 8 4 │ 8 0 6 4 │ 9 6
  ┼────────────────────────┼
 9 1 │ 6 2 7 9 │ 6 9
 8 8 │ 8 5 3 6 │ 9 7

# Square 49  (outer=1609280147, inner=4433747745275)
TL=(6,6,6,9) TR=(5,7,9,4) BL=(5,9,7,4) BR=(2,8,8,1)
 6 6 │ 3 7 6 2 │ 5 7
 6 9 │ 6 4 8 6 │ 9 4
  ┼────────────────────────┼
 3 6 │ 0 5 4 0 │ 1 5
 7 4 │ 5 1 0 6 │ 6 9
 6 8 │ 4 0 1 2 │ 5 9
 2 6 │ 0 6 2 4 │ 2 4
  ┼────────────────────────┼
 5 9 │ 1 6 5 2 │ 2 8
 7 4 │ 5 9 9 4 │ 8 1

# Square 50  (outer=1613543555, inner=4447936368637)
TL=(6,6,6,9) TR=(9,8,9,6) BL=(9,9,8,6) BR=(3,2,2,2)
 6 6 │ 6 4 6 8 │ 9 8
 6 9 │ 6 6 2 4 │ 9 6
  ┼────────────────────────┼
 6 6 │ 2 0 4 6 │ 3 1
 4 6 │ 0 8 2 8 │ 1 8
 6 2 │ 4 2 7 8 │ 6 9
 8 4 │ 6 8 8 8 │ 8 2
  ┼────────────────────────┼
 9 9 │ 3 1 6 8 │ 3 2
 8 6 │ 1 8 9 2 │ 2 2

# Square 51  (outer=1694658924, inner=4733316086960)
TL=(6,6,8,3) TR=(2,4,4,4) BL=(3,7,7,4) BR=(6,8,6,3)
 6 6 │ 1 5 8 4 │ 2 4
 8 3 │ 3 6 5 2 │ 4 4
  ┼────────────────────────┼
 2 4 │ 0 3 1 2 │ 1 3
 5 6 │ 3 1 3 6 │ 5 6
 1 6 │ 1 3 6 0 │ 8 5
 6 2 │ 2 6 0 4 │ 4 2
  ┼────────────────────────┼
 3 7 │ 2 5 1 6 │ 6 8
 7 4 │ 4 6 6 2 │ 6 3

# Square 52  (outer=1757393343, inner=4942771186291)
TL=(6,6,9,2) TR=(6,9,9,3) BL=(8,9,9,6) BR=(6,9,6,2)
 6 6 │ 4 5 5 4 │ 6 9
 9 2 │ 8 5 5 6 │ 9 3
  ┼────────────────────────┼
 6 5 │ 3 1 2 0 │ 4 8
 1 9 │ 1 0 4 5 │ 5 5
 4 5 │ 2 4 7 5 │ 5 5
 1 2 │ 0 5 5 2 │ 4 6
  ┼────────────────────────┼
 8 9 │ 6 1 4 1 │ 6 9
 9 6 │ 5 9 5 2 │ 6 2

# Square 53  (outer=1777432177, inner=5011511180815)
TL=(6,6,9,5) TR=(5,8,8,3) BL=(2,2,2,3) BR=(6,9,6,5)
 6 6 │ 3 8 2 8 │ 5 8
 9 5 │ 7 8 8 5 │ 8 3
  ┼────────────────────────┼
 1 1 │ 0 4 0 7 │ 3 7
 5 4 │ 4 7 5 2 │ 8 8
 1 9 │ 0 5 3 2 │ 2 8
 8 5 │ 7 2 2 5 │ 8 5
  ┼────────────────────────┼
 2 2 │ 1 5 1 8 │ 6 9
 2 3 │ 1 4 9 5 │ 6 5

# Square 54  (outer=1909730769, inner=5452581985876)
TL=(6,7,3,3) TR=(5,5,5,4) BL=(2,6,6,4) BR=(6,3,7,3)
 6 7 │ 3 6 8 5 │ 5 5
 3 3 │ 1 7 8 2 │ 5 4
  ┼────────────────────────┼
 1 4 │ 0 4 3 4 │ 3 1
 6 6 │ 4 4 2 2 │ 6 7
 3 7 │ 3 2 5 6 │ 8 8
 8 2 │ 4 2 6 4 │ 5 2
  ┼────────────────────────┼
 2 6 │ 1 6 3 8 │ 6 3
 6 4 │ 4 6 7 2 │ 7 3

# Square 55  (outer=1966800007, inner=5648792295873)
TL=(6,7,4,1) TR=(8,5,5,4) BL=(3,1,1,9) BR=(6,4,7,1)
 6 7 │ 5 6 9 5 │ 8 5
 4 1 │ 2 2 1 4 │ 5 4
  ┼────────────────────────┼
 1 1 │ 0 5 7 2 │ 5 2
 9 3 │ 5 7 6 6 │ 6 2
 8 4 │ 7 6 4 4 │ 9 1
 4 9 │ 2 6 4 6 │ 5 4
  ┼────────────────────────┼
 3 1 │ 1 9 8 4 │ 6 4
 1 9 │ 1 3 4 9 │ 7 1

# Square 56  (outer=1987022554, inner=5711302910102)
TL=(6,7,4,4) TR=(3,8,8,3) BL=(2,6,6,3) BR=(6,4,7,4)
 6 7 │ 2 5 4 6 │ 3 8
 4 4 │ 3 6 5 2 │ 8 3
  ┼────────────────────────┼
 1 4 │ 0 3 2 2 │ 2 3
 6 6 │ 3 6 9 6 │ 5 6
 6 6 │ 2 9 7 0 │ 4 5
 4 2 │ 2 6 0 4 │ 6 2
  ┼────────────────────────┼
 2 6 │ 1 6 6 4 │ 6 4
 6 3 │ 4 6 6 2 │ 7 4

# Square 57  (outer=2103542723, inner=5984703339670)
TL=(6,7,5,9) TR=(3,6,6,5) BL=(8,9,9,3) BR=(6,5,7,9)
 6 7 │ 2 4 1 2 │ 3 6
 5 9 │ 3 8 3 5 │ 6 5
  ┼────────────────────────┼
 5 7 │ 1 3 1 1 │ 2 3
 7 3 │ 3 5 0 4 │ 4 8
 8 4 │ 1 0 9 2 │ 1 3
 5 7 │ 1 4 2 5 │ 2 5
  ┼────────────────────────┼
 8 9 │ 5 7 8 5 │ 6 5
 9 3 │ 7 3 4 7 │ 7 9

# Square 58  (outer=2192968995, inner=6247551173152)
TL=(6,7,7,1) TR=(2,6,2,7) BL=(2,2,6,7) BR=(5,4,4,1)
 6 7 │ 1 7 4 2 │ 2 6
 7 1 │ 1 9 1 7 │ 2 7
  ┼────────────────────────┼
 1 1 │ 0 1 3 2 │ 1 2
 7 9 │ 1 3 4 3 │ 1 7
 4 1 │ 3 4 4 4 │ 8 4
 2 7 │ 2 3 4 9 │ 8 7
  ┼────────────────────────┼
 2 2 │ 1 1 8 8 │ 5 4
 6 7 │ 2 7 4 7 │ 4 1

# Square 59  (outer=2198985097, inner=6271038037799)
TL=(6,7,7,1) TR=(7,8,2,6) BL=(7,2,8,6) BR=(9,1,1,3)
 6 7 │ 5 2 2 6 │ 7 8
 7 1 │ 1 8 4 6 │ 2 6
  ┼────────────────────────┼
 5 1 │ 3 1 1 1 │ 6 1
 2 8 │ 1 4 2 8 │ 5 1
 2 4 │ 1 2 2 4 │ 5 1
 6 6 │ 1 8 4 8 │ 2 8
  ┼────────────────────────┼
 7 2 │ 6 5 5 2 │ 9 1
 8 6 │ 1 1 1 8 │ 1 3

# Square 60  (outer=2203886211, inner=6289558286058)
TL=(6,7,7,2) TR=(3,8,1,7) BL=(3,1,8,7) BR=(5,1,1,8)
 6 7 │ 2 5 4 6 │ 3 8
 7 2 │ 1 2 2 4 │ 1 7
  ┼────────────────────────┼
 2 1 │ 0 2 3 1 │ 1 1
 5 2 │ 2 8 6 0 │ 5 5
 4 2 │ 3 6 1 2 │ 8 6
 6 4 │ 1 0 2 4 │ 1 6
  ┼────────────────────────┼
 3 1 │ 1 5 8 1 │ 5 1
 8 7 │ 1 5 6 6 │ 1 8

# Square 61  (outer=2252483141, inner=6463469117956)
TL=(6,7,7,7) TR=(6,7,8,8) BL=(6,8,7,8) BR=(3,9,9,4)
 6 7 │ 4 4 8 9 │ 6 7
 7 7 │ 6 7 7 6 │ 8 8
  ┼────────────────────────┼
 4 6 │ 1 2 4 2 │ 2 7
 4 7 │ 2 9 6 1 │ 6 3
 8 7 │ 4 6 1 1 │ 5 3
 9 6 │ 2 1 1 2 │ 2 2
  ┼────────────────────────┼
 6 8 │ 2 6 5 2 │ 3 9
 7 8 │ 7 3 3 2 │ 9 4

# Square 62  (outer=2252486506, inner=6463483116357)
TL=(6,7,7,7) TR=(6,7,8,9) BL=(6,8,7,9) BR=(3,9,9,2)
 6 7 │ 4 4 8 9 │ 6 7
 7 7 │ 6 8 5 3 │ 8 9
  ┼────────────────────────┼
 4 6 │ 1 2 4 2 │ 2 7
 4 8 │ 2 9 7 6 │ 6 2
 8 5 │ 4 7 6 0 │ 5 6
 9 3 │ 2 6 0 4 │ 2 8
  ┼────────────────────────┼
 6 8 │ 2 6 5 2 │ 3 9
 7 9 │ 7 2 6 8 │ 9 2

# Square 63  (outer=2257788693, inner=6485212020606)
TL=(6,7,7,8) TR=(2,8,2,8) BL=(2,2,8,8) BR=(5,2,2,2)
 6 7 │ 1 8 7 6 │ 2 8
 7 8 │ 2 1 8 4 │ 2 8
  ┼────────────────────────┼
 1 2 │ 0 1 3 2 │ 1 1
 8 1 │ 1 5 3 9 │ 1 9
 7 8 │ 3 3 5 4 │ 4 3
 6 4 │ 2 9 4 4 │ 4 6
  ┼────────────────────────┼
 2 2 │ 1 1 4 4 │ 5 2
 8 8 │ 1 9 3 6 │ 2 2

# Square 64  (outer=2346906456, inner=6791257764526)
TL=(6,7,8,8) TR=(6,7,7,7) BL=(3,9,9,4) BR=(6,8,7,8)
 6 7 │ 4 4 8 9 │ 6 7
 8 8 │ 6 7 7 6 │ 7 7
  ┼────────────────────────┼
 2 7 │ 1 2 4 2 │ 4 6
 6 3 │ 2 9 6 1 │ 4 7
 5 3 │ 4 6 1 1 │ 8 7
 2 2 │ 2 1 1 2 │ 9 6
  ┼────────────────────────┼
 3 9 │ 2 6 5 2 │ 6 8
 9 4 │ 7 3 3 2 │ 7 8

# Square 65  (outer=2349514247, inner=6799727869692)
TL=(6,7,8,8) TR=(8,7,7,3) BL=(3,9,9,2) BR=(6,8,7,8)
 6 7 │ 5 8 2 9 │ 8 7
 8 8 │ 6 4 2 4 │ 7 3
  ┼────────────────────────┼
 2 7 │ 1 5 1 2 │ 5 6
 6 1 │ 5 1 2 4 │ 8 4
 5 7 │ 1 2 5 4 │ 2 2
 2 6 │ 2 4 4 4 │ 9 4
  ┼────────────────────────┼
 3 9 │ 2 6 5 2 │ 6 8
 9 2 │ 7 1 7 6 │ 7 8

# Square 66  (outer=2356981343, inner=6826238108335)
TL=(6,7,8,9) TR=(6,7,7,7) BL=(3,9,9,2) BR=(6,8,7,9)
 6 7 │ 4 4 8 9 │ 6 7
 8 9 │ 6 8 5 3 │ 7 7
  ┼────────────────────────┼
 2 7 │ 1 2 4 2 │ 4 6
 6 2 │ 2 9 7 6 │ 4 8
 5 6 │ 4 7 6 0 │ 8 5
 2 8 │ 2 6 0 4 │ 9 3
  ┼────────────────────────┼
 3 9 │ 2 6 5 2 │ 6 8
 9 2 │ 7 2 6 8 │ 7 9

# Square 67  (outer=2488289436, inner=7296402103115)
TL=(6,8,2,4) TR=(8,7,7,8) BL=(9,1,1,6) BR=(6,2,8,4)
 6 8 │ 5 9 1 6 │ 8 7
 2 4 │ 1 8 7 2 │ 7 8
  ┼────────────────────────┼
 5 1 │ 2 6 0 1 │ 5 1
 6 3 │ 6 1 7 4 │ 9 8
 4 4 │ 0 7 4 8 │ 1 7
 2 4 │ 1 4 8 8 │ 6 2
  ┼────────────────────────┼
 9 1 │ 5 6 4 2 │ 6 2
 1 6 │ 1 3 4 4 │ 8 4

# Square 68  (outer=2567643830, inner=7558943325768)
TL=(6,8,3,9) TR=(2,6,6,9) BL=(3,9,9,3) BR=(6,3,8,9)
 6 8 │ 1 7 6 8 │ 2 6
 3 9 │ 2 6 9 1 │ 6 9
  ┼────────────────────────┼
 2 8 │ 0 3 3 6 │ 1 2
 4 2 │ 3 1 9 2 │ 7 6
 5 7 │ 3 9 3 3 │ 6 9
 7 7 │ 6 2 3 7 │ 8 1
  ┼────────────────────────┼
 3 9 │ 2 4 5 7 │ 6 3
 9 3 │ 8 2 7 7 │ 8 9

# Square 69  (outer=2649410898, inner=7804563687594)
TL=(6,8,5,2) TR=(6,8,8,8) BL=(3,3,3,8) BR=(6,5,8,2)
 6 8 │ 4 6 2 4 │ 6 8
 5 2 │ 4 5 7 6 │ 8 8
  ┼────────────────────────┼
 2 3 │ 1 0 1 2 │ 4 4
 1 1 │ 0 7 1 5 │ 6 5
 4 1 │ 1 1 0 7 │ 2 7
 5 6 │ 2 5 7 6 │ 4 6
  ┼────────────────────────┼
 3 3 │ 2 1 4 5 │ 6 5
 3 8 │ 3 1 1 6 │ 8 2

# Square 70  (outer=2720777606, inner=7962098741443)
TL=(6,8,6,3) TR=(3,7,7,4) BL=(2,4,4,4) BR=(6,6,8,3)
 6 8 │ 2 5 1 6 │ 3 7
 6 3 │ 4 6 6 2 │ 7 4
  ┼────────────────────────┼
 1 3 │ 0 3 1 2 │ 2 4
 5 6 │ 3 1 3 6 │ 5 6
 8 5 │ 1 3 6 0 │ 1 6
 4 2 │ 2 6 0 4 │ 6 2
  ┼────────────────────────┼
 2 4 │ 1 5 8 4 │ 6 6
 4 4 │ 3 6 5 2 │ 8 3

# Square 71  (outer=2829813457, inner=8331358166519)
TL=(6,8,7,8) TR=(3,9,9,2) BL=(8,7,7,3) BR=(6,7,8,8)
 6 8 │ 2 6 5 2 │ 3 9
 7 8 │ 7 1 7 6 │ 9 2
  ┼────────────────────────┼
 5 6 │ 1 5 1 2 │ 2 7
 8 4 │ 5 1 2 4 │ 6 1
 2 2 │ 1 2 5 4 │ 5 7
 9 4 │ 2 4 4 4 │ 2 6
  ┼────────────────────────┼
 8 7 │ 5 8 2 9 │ 6 7
 7 3 │ 6 4 2 4 │ 8 8

# Square 72  (outer=2829819795, inner=8331381692250)
TL=(6,8,7,8) TR=(3,9,9,4) BL=(6,7,7,7) BR=(6,7,8,8)
 6 8 │ 2 6 5 2 │ 3 9
 7 8 │ 7 3 3 2 │ 9 4
  ┼────────────────────────┼
 4 6 │ 1 2 4 2 │ 2 7
 4 7 │ 2 9 6 1 │ 6 3
 8 7 │ 4 6 1 1 │ 5 3
 9 6 │ 2 1 1 2 │ 2 2
  ┼────────────────────────┼
 6 7 │ 4 4 8 9 │ 6 7
 7 7 │ 6 7 7 6 │ 8 8

# Square 73  (outer=2837960747, inner=8362359222588)
TL=(6,8,7,9) TR=(3,9,9,2) BL=(6,7,7,7) BR=(6,7,8,9)
 6 8 │ 2 6 5 2 │ 3 9
 7 9 │ 7 2 6 8 │ 9 2
  ┼────────────────────────┼
 4 6 │ 1 2 4 2 │ 2 7
 4 8 │ 2 9 7 6 │ 6 2
 8 5 │ 4 7 6 0 │ 5 6
 9 3 │ 2 6 0 4 │ 2 8
  ┼────────────────────────┼
 6 7 │ 4 4 8 9 │ 6 7
 7 7 │ 6 8 5 3 │ 8 9

# Square 74  (outer=2855546199, inner=8429129999613)
TL=(6,8,8,2) TR=(4,4,8,7) BL=(4,8,4,7) BR=(8,7,7,5)
 6 8 │ 2 9 9 2 │ 4 4
 8 2 │ 7 1 3 4 │ 8 7
  ┼────────────────────────┼
 2 7 │ 1 1 6 1 │ 4 3
 9 1 │ 1 3 6 5 │ 1 5
 9 3 │ 6 6 9 6 │ 7 2
 2 4 │ 1 5 6 0 │ 6 5
  ┼────────────────────────┼
 4 8 │ 4 1 7 6 │ 8 7
 4 7 │ 3 5 2 5 │ 7 5

# Square 75  (outer=2857410956, inner=8435186731092)
TL=(6,8,8,2) TR=(6,6,2,3) BL=(6,2,6,3) BR=(8,8,8,7)
 6 8 │ 4 4 8 8 │ 6 6
 8 2 │ 1 8 8 6 │ 2 3
  ┼────────────────────────┼
 4 1 │ 2 2 5 5 │ 5 5
 4 8 │ 2 1 1 2 │ 4 4
 8 8 │ 5 1 0 4 │ 5 8
 8 6 │ 5 2 4 6 │ 6 1
  ┼────────────────────────┼
 6 2 │ 5 4 5 6 │ 8 8
 6 3 │ 5 4 8 1 │ 8 7

# Square 76  (outer=2860751585, inner=8446037095267)
TL=(6,8,8,2) TR=(9,7,3,2) BL=(9,3,7,2) BR=(3,8,8,6)
 6 8 │ 6 5 9 6 │ 9 7
 8 2 │ 2 6 2 4 │ 3 2
  ┼────────────────────────┼
 6 2 │ 2 2 3 2 │ 3 6
 5 6 │ 2 8 5 6 │ 5 1
 9 2 │ 3 5 8 8 │ 3 9
 6 4 │ 2 6 8 8 │ 4 2
  ┼────────────────────────┼
 9 3 │ 3 5 3 4 │ 3 8
 7 2 │ 6 1 9 2 │ 8 6

# Square 77  (outer=2861707266, inner=8449292983452)
TL=(6,8,8,3) TR=(2,4,2,1) BL=(2,2,4,1) BR=(5,3,3,7)
 6 8 │ 1 6 3 2 │ 2 4
 8 3 │ 1 7 4 3 │ 2 1
  ┼────────────────────────┼
 1 1 │ 0 1 2 1 │ 1 1
 6 7 │ 1 0 0 5 │ 1 5
 3 4 │ 2 0 7 4 │ 6 1
 2 3 │ 1 5 4 1 │ 6 7
  ┼────────────────────────┼
 2 2 │ 1 1 6 6 │ 5 3
 4 1 │ 1 5 1 7 │ 3 7

# Square 78  (outer=2866436079, inner=8466297797049)
TL=(6,8,8,3) TR=(7,2,2,6) BL=(7,2,2,6) BR=(4,8,8,9)
 6 8 │ 4 8 9 6 │ 7 2
 8 3 │ 2 1 5 8 │ 2 6
  ┼────────────────────────┼
 4 2 │ 1 3 4 4 │ 3 2
 8 1 │ 3 4 8 3 │ 4 3
 9 5 │ 4 8 4 5 │ 5 1
 6 8 │ 4 3 5 2 │ 6 4
  ┼────────────────────────┼
 7 2 │ 3 4 5 6 │ 4 8
 2 6 │ 2 3 1 4 │ 8 9

# Square 79  (outer=2883042373, inner=8515958546675)
TL=(6,8,8,6) TR=(2,3,1,9) BL=(2,1,3,9) BR=(5,4,4,7)
 6 8 │ 1 5 6 4 │ 2 3
 8 6 │ 1 6 3 4 │ 1 9
  ┼────────────────────────┼
 1 1 │ 0 1 2 1 │ 1 1
 5 6 │ 1 0 0 8 │ 1 8
 6 3 │ 2 0 7 9 │ 3 3
 4 4 │ 1 8 9 2 │ 4 3
  ┼────────────────────────┼
 2 1 │ 1 1 3 4 │ 5 4
 3 9 │ 1 8 3 3 │ 4 7

# Square 80  (outer=2886308564, inner=8526756575494)
TL=(6,8,8,6) TR=(5,8,2,9) BL=(5,2,8,9) BR=(5,7,7,4)
 6 8 │ 3 9 4 4 │ 5 8
 8 6 │ 2 4 9 4 │ 2 9
  ┼────────────────────────┼
 3 2 │ 0 8 3 2 │ 2 6
 9 4 │ 8 9 3 0 │ 9 5
 4 9 │ 3 3 3 2 │ 6 8
 4 4 │ 2 0 2 4 │ 4 6
  ┼────────────────────────┼
 5 2 │ 2 9 6 4 │ 5 7
 8 9 │ 6 5 8 6 │ 7 4

# Square 81  (outer=2904682466, inner=8591927854112)
TL=(6,8,8,8) TR=(6,8,5,2) BL=(6,5,8,2) BR=(3,3,3,8)
 6 8 │ 4 6 2 4 │ 6 8
 8 8 │ 4 5 7 6 │ 5 2
  ┼────────────────────────┼
 4 4 │ 1 0 1 2 │ 2 3
 6 5 │ 0 7 1 5 │ 1 1
 2 7 │ 1 1 0 7 │ 4 1
 4 6 │ 2 5 7 6 │ 5 6
  ┼────────────────────────┼
 6 5 │ 2 1 4 5 │ 3 3
 8 2 │ 3 1 1 6 │ 3 8

# Square 82  (outer=2934003733, inner=8701928198521)
TL=(6,8,9,3) TR=(2,2,2,7) BL=(5,7,7,8) BR=(6,9,8,3)
 6 8 │ 1 4 9 6 │ 2 2
 9 3 │ 2 5 1 1 │ 2 7
  ┼────────────────────────┼
 3 6 │ 0 4 3 2 │ 1 2
 9 4 │ 4 2 3 0 │ 4 5
 3 7 │ 3 3 6 7 │ 9 1
 3 4 │ 2 0 7 4 │ 6 1
  ┼────────────────────────┼
 5 7 │ 3 9 3 3 │ 6 9
 7 8 │ 6 4 7 4 │ 8 3

# Square 83  (outer=3031492664, inner=9048555968537)
TL=(6,9,2,4) TR=(1,7,7,7) BL=(3,1,1,7) BR=(6,2,9,4)
 6 9 │ 1 1 7 3 │ 1 7
 2 4 │ 1 8 4 8 │ 7 7
  ┼────────────────────────┼
 1 1 │ 0 1 2 1 │ 1 1
 9 5 │ 1 7 1 0 │ 1 8
 2 9 │ 2 1 4 6 │ 7 4
 2 8 │ 1 0 6 4 │ 3 8
  ┼────────────────────────┼
 3 1 │ 1 9 2 2 │ 6 2
 1 7 │ 1 5 9 8 │ 9 4

# Square 84  (outer=3178884311, inner=9522023492241)
TL=(6,9,4,7) TR=(4,7,7,1) BL=(5,4,4,7) BR=(6,4,9,7)
 6 9 │ 3 2 4 3 │ 4 7
 4 7 │ 3 3 3 7 │ 7 1
  ┼────────────────────────┼
 3 4 │ 1 1 2 2 │ 3 3
 4 5 │ 1 0 3 5 │ 2 3
 5 5 │ 2 3 6 5 │ 4 3
 6 9 │ 2 5 5 3 │ 3 7
  ┼────────────────────────┼
 5 4 │ 3 4 5 6 │ 6 4
 4 7 │ 4 5 5 9 │ 9 7

# Square 85  (outer=3203445380, inner=9598671009870)
TL=(6,9,5,1) TR=(3,9,9,1) BL=(8,5,5,7) BR=(6,5,9,1)
 6 9 │ 2 6 9 1 │ 3 9
 5 1 │ 4 6 4 1 │ 9 1
  ┼────────────────────────┼
 5 5 │ 1 3 2 0 │ 2 4
 5 1 │ 3 3 6 6 │ 6 6
 2 8 │ 2 6 3 2 │ 9 4
 5 7 │ 0 6 2 7 │ 1 1
  ┼────────────────────────┼
 8 5 │ 5 5 2 5 │ 6 5
 5 7 │ 5 1 8 7 │ 9 1

# Square 86  (outer=3225662731, inner=9643234799050)
TL=(6,9,5,3) TR=(8,3,3,2) BL=(3,5,5,3) BR=(6,5,9,3)
 6 9 │ 5 7 2 7 │ 8 3
 5 3 │ 1 6 9 6 │ 3 2
  ┼────────────────────────┼
 2 4 │ 1 2 2 4 │ 5 1
 2 9 │ 2 2 0 4 │ 7 6
 7 2 │ 2 0 8 8 │ 2 9
 5 9 │ 4 4 8 4 │ 7 6
  ┼────────────────────────┼
 3 5 │ 2 2 7 5 │ 6 5
 5 3 │ 4 9 2 9 │ 9 3

# Square 87  (outer=3257596409, inner=9701614079778)
TL=(6,9,5,7) TR=(9,5,5,6) BL=(4,5,5,1) BR=(6,5,9,7)
 6 9 │ 6 5 5 5 │ 9 5
 5 7 │ 3 1 9 2 │ 5 6
  ┼────────────────────────┼
 2 4 │ 1 5 1 2 │ 6 3
 9 9 │ 5 0 4 9 │ 5 1
 2 4 │ 1 4 1 6 │ 5 9
 5 7 │ 2 9 6 4 │ 5 2
  ┼────────────────────────┼
 4 5 │ 2 9 2 5 │ 6 5
 5 1 │ 4 9 4 7 │ 9 7

# Square 88  (outer=3292124925, inner=9788202525928)
TL=(6,9,6,2) TR=(8,9,9,6) BL=(6,9,9,3) BR=(6,6,9,2)
 6 9 │ 6 1 4 1 │ 8 9
 6 2 │ 5 9 5 2 │ 9 6
  ┼────────────────────────┼
 4 8 │ 3 1 2 0 │ 6 5
 5 5 │ 1 0 4 5 │ 1 9
 5 5 │ 2 4 7 5 │ 4 5
 4 6 │ 0 5 5 2 │ 1 2
  ┼────────────────────────┼
 6 9 │ 4 5 5 4 │ 6 6
 9 3 │ 8 5 5 6 │ 9 2

# Square 89  (outer=3311143501, inner=9847227301198)
TL=(6,9,6,5) TR=(2,2,2,3) BL=(5,8,8,3) BR=(6,6,9,5)
 6 9 │ 1 5 1 8 │ 2 2
 6 5 │ 1 4 9 5 │ 2 3
  ┼────────────────────────┼
 3 7 │ 0 4 0 7 │ 1 1
 8 8 │ 4 7 5 2 │ 5 4
 2 8 │ 0 5 3 2 │ 1 9
 8 5 │ 7 2 2 5 │ 8 5
  ┼────────────────────────┼
 5 8 │ 3 8 2 8 │ 6 6
 8 3 │ 7 8 8 5 │ 9 5

# Square 90  (outer=3455959058, inner=10349940503677)
TL=(6,9,8,3) TR=(5,7,7,8) BL=(2,2,2,7) BR=(6,8,9,3)
 6 9 │ 3 9 3 3 │ 5 7
 8 3 │ 6 4 7 4 │ 7 8
  ┼────────────────────────┼
 1 2 │ 0 4 3 2 │ 3 6
 4 5 │ 4 2 3 0 │ 9 4
 9 1 │ 3 3 6 7 │ 3 7
 6 1 │ 2 0 7 4 │ 3 4
  ┼────────────────────────┼
 2 2 │ 1 4 9 6 │ 6 8
 2 7 │ 2 5 1 1 │ 9 3

# Square 91  (outer=3517823593, inner=10558802702943)
TL=(6,9,9,1) TR=(5,5,1,4) BL=(5,1,5,4) BR=(8,7,7,3)
 6 9 │ 3 7 9 5 │ 5 5
 9 1 │ 1 2 7 4 │ 1 4
  ┼────────────────────────┼
 3 1 │ 1 3 3 3 │ 4 3
 7 2 │ 3 5 2 8 │ 4 9
 9 7 │ 3 2 9 8 │ 3 4
 5 4 │ 3 8 8 8 │ 7 2
  ┼────────────────────────┼
 5 1 │ 4 4 3 7 │ 8 7
 5 4 │ 3 9 4 2 │ 7 3

# Square 92  (outer=3522875339, inner=10579494656727)
TL=(6,9,9,1) TR=(9,5,5,8) BL=(9,9,9,2) BR=(6,9,9,1)
 6 9 │ 6 5 5 5 │ 9 5
 9 1 │ 5 2 7 8 │ 5 8
  ┼────────────────────────┼
 6 8 │ 4 4 2 0 │ 6 5
 8 3 │ 4 3 1 6 │ 5 2
 3 7 │ 2 1 0 9 │ 5 7
 1 2 │ 0 6 9 6 │ 5 8
  ┼────────────────────────┼
 9 9 │ 6 8 3 1 │ 6 9
 9 2 │ 8 3 7 2 │ 9 1

# Square 93  (outer=3523776450, inner=10583185607103)
TL=(6,9,9,1) TR=(9,9,9,2) BL=(9,5,5,8) BR=(6,9,9,1)
 6 9 │ 6 8 3 1 │ 9 9
 9 1 │ 8 3 7 2 │ 9 2
  ┼────────────────────────┼
 6 5 │ 4 4 2 0 │ 6 8
 5 2 │ 4 3 1 6 │ 8 3
 5 7 │ 2 1 0 9 │ 3 7
 5 8 │ 0 6 9 6 │ 1 2
  ┼────────────────────────┼
 9 5 │ 6 5 5 5 │ 6 9
 5 8 │ 5 2 7 8 │ 9 1

# Square 94  (outer=3533030719, inner=10616543493702)
TL=(6,9,9,3) TR=(2,3,7,5) BL=(2,7,3,5) BR=(4,4,4,9)
 6 9 │ 1 5 8 7 │ 2 3
 9 3 │ 6 9 7 5 │ 7 5
  ┼────────────────────────┼
 1 6 │ 0 1 7 6 │ 1 1
 5 9 │ 1 0 0 3 │ 1 7
 8 7 │ 7 0 4 7 │ 8 1
 7 5 │ 6 3 7 5 │ 8 5
  ┼────────────────────────┼
 2 7 │ 1 1 8 8 │ 4 4
 3 5 │ 1 7 1 5 │ 4 9

# Square 95  (outer=3534615246, inner=10622932307313)
TL=(6,9,9,3) TR=(3,8,6,3) BL=(3,6,8,3) BR=(4,2,2,7)
 6 9 │ 2 6 2 2 │ 3 8
 9 3 │ 5 8 5 9 │ 6 3
  ┼────────────────────────┼
 2 5 │ 0 3 0 0 │ 1 2
 6 8 │ 3 5 3 6 │ 5 2
 2 5 │ 0 3 5 0 │ 1 4
 2 9 │ 0 6 0 9 │ 2 1
  ┼────────────────────────┼
 3 6 │ 1 5 1 2 │ 4 2
 8 3 │ 2 2 4 1 │ 2 7

# Square 96  (outer=3537785751, inner=10635715784754)
TL=(6,9,9,3) TR=(6,6,9,2) BL=(6,9,6,2) BR=(8,9,9,6)
 6 9 │ 4 5 5 4 │ 6 6
 9 3 │ 8 5 5 6 │ 9 2
  ┼────────────────────────┼
 4 8 │ 3 1 2 0 │ 6 5
 5 5 │ 1 0 4 5 │ 1 9
 5 5 │ 2 4 7 5 │ 4 5
 4 6 │ 0 5 5 2 │ 1 2
  ┼────────────────────────┼
 6 9 │ 6 1 4 1 │ 8 9
 6 2 │ 5 9 5 2 │ 9 6

# DONE: found=96  outer=3542326537  inner=10654024235549  time=180913s
