# Searching TL indices [2730, 3276)
# Square 1  (outer=8946849, inner=27301937042)
TL=(4,7,7,5) TR=(3,6,2,1) BL=(3,2,6,1) BR=(7,3,3,2)
 4 7 │ 1 6 9 2 │ 3 6
 7 5 │ 1 5 7 5 │ 2 1
  ┼────────────────────────┼
 1 1 │ 0 2 3 1 │ 2 1
 6 5 │ 2 5 3 5 │ 3 9
 9 7 │ 3 3 9 5 │ 3 5
 2 5 │ 1 5 5 0 │ 6 2
  ┼────────────────────────┼
 3 2 │ 2 3 3 6 │ 7 3
 6 1 │ 1 9 5 2 │ 3 2

# Square 2  (outer=14213355, inner=39421188466)
TL=(4,7,7,6) TR=(2,8,9,6) BL=(2,9,8,6) BR=(6,3,3,4)
 4 7 │ 1 3 1 6 │ 2 8
 7 6 │ 7 2 9 6 │ 9 6
  ┼────────────────────────┼
 1 7 │ 0 2 0 4 │ 1 2
 3 2 │ 2 8 4 8 │ 8 9
 1 9 │ 0 4 1 8 │ 2 2
 6 6 │ 4 8 8 4 │ 7 4
  ┼────────────────────────┼
 2 9 │ 1 8 2 7 │ 6 3
 8 6 │ 2 9 2 4 │ 3 4

# Square 3  (outer=27423792, inner=84022983550)
TL=(4,7,7,7) TR=(7,3,6,9) BL=(7,6,3,9) BR=(2,6,6,7)
 4 7 │ 3 4 3 1 │ 7 3
 7 7 │ 5 3 1 3 │ 6 9
  ┼────────────────────────┼
 3 5 │ 0 4 2 0 │ 1 2
 4 3 │ 4 1 2 8 │ 9 6
 3 1 │ 2 2 0 1 │ 7 1
 1 3 │ 0 8 1 9 │ 6 3
  ┼────────────────────────┼
 7 6 │ 1 9 7 6 │ 2 6
 3 9 │ 2 6 1 3 │ 6 7

# Square 4  (outer=30709218, inner=95981935354)
TL=(4,7,7,7) TR=(9,7,6,1) BL=(9,6,7,1) BR=(7,9,9,2)
 4 7 │ 4 5 5 9 │ 9 7
 7 7 │ 4 6 9 7 │ 6 1
  ┼────────────────────────┼
 4 4 │ 3 3 4 4 │ 7 6
 5 6 │ 3 0 8 0 │ 5 5
 5 9 │ 4 8 9 7 │ 8 3
 9 7 │ 4 0 7 4 │ 4 2
  ┼────────────────────────┼
 9 6 │ 7 5 8 4 │ 7 9
 7 1 │ 6 5 3 2 │ 9 2

# Square 5  (outer=58277176, inner=184702322575)
TL=(4,7,8,2) TR=(3,7,7,9) BL=(5,2,2,1) BR=(4,8,7,2)
 4 7 │ 1 7 3 9 │ 3 7
 8 2 │ 6 4 7 8 │ 7 9
  ┼────────────────────────┼
 2 1 │ 0 3 3 6 │ 1 6
 4 5 │ 3 3 3 0 │ 7 4
 9 1 │ 3 3 6 7 │ 3 7
 6 2 │ 6 0 7 6 │ 9 8
  ┼────────────────────────┼
 5 2 │ 2 4 9 6 │ 4 8
 2 1 │ 1 5 1 2 │ 7 2

# Square 6  (outer=238085798, inner=730574949578)
TL=(4,8,2,6) TR=(3,7,7,4) BL=(8,3,3,7) BR=(4,2,8,6)
 4 8 │ 1 7 7 6 │ 3 7
 2 6 │ 1 9 2 4 │ 7 4
  ┼────────────────────────┼
 3 3 │ 0 3 6 3 │ 1 1
 4 1 │ 3 2 3 9 │ 7 9
 8 8 │ 6 3 3 6 │ 7 2
 6 2 │ 3 9 6 8 │ 6 4
  ┼────────────────────────┼
 8 3 │ 3 4 8 6 │ 4 2
 3 7 │ 3 1 8 2 │ 8 6

# Square 7  (outer=296959385, inner=911524318793)
TL=(4,8,3,7) TR=(8,9,9,5) BL=(5,8,8,3) BR=(4,3,8,7)
 4 8 │ 4 2 7 2 │ 8 9
 3 7 │ 3 5 1 5 │ 9 5
  ┼────────────────────────┼
 2 7 │ 1 1 6 1 │ 4 3
 4 2 │ 1 0 5 0 │ 2 5
 9 2 │ 6 5 3 2 │ 7 1
 4 1 │ 1 0 2 5 │ 2 5
  ┼────────────────────────┼
 5 8 │ 2 4 9 4 │ 4 3
 8 3 │ 7 2 2 1 │ 8 7

# Square 8  (outer=352134931, inner=1075358259644)
TL=(4,8,4,7) TR=(8,7,7,5) BL=(6,8,8,2) BR=(4,4,8,7)
 4 8 │ 4 1 7 6 │ 8 7
 4 7 │ 3 5 2 5 │ 7 5
  ┼────────────────────────┼
 2 7 │ 1 1 6 1 │ 4 3
 9 1 │ 1 3 6 5 │ 1 5
 9 3 │ 6 6 9 6 │ 7 2
 2 4 │ 1 5 6 0 │ 6 5
  ┼────────────────────────┼
 6 8 │ 2 9 9 2 │ 4 4
 8 2 │ 7 1 3 4 │ 8 7

# Square 9  (outer=361009077, inner=1101360867407)
TL=(4,8,4,9) TR=(3,7,7,6) BL=(2,8,8,9) BR=(4,4,8,9)
 4 8 │ 1 7 7 6 │ 3 7
 4 9 │ 3 7 2 4 │ 7 6
  ┼────────────────────────┼
 1 7 │ 0 2 2 1 │ 1 3
 2 9 │ 2 2 3 3 │ 7 7
 3 2 │ 2 3 0 4 │ 7 2
 2 1 │ 1 3 4 4 │ 6 4
  ┼────────────────────────┼
 2 8 │ 1 2 3 2 │ 4 4
 8 9 │ 7 9 2 1 │ 8 9

# Square 10  (outer=499565150, inner=1443774288166)
TL=(4,8,7,2) TR=(5,2,2,1) BL=(3,7,7,9) BR=(4,7,8,2)
 4 8 │ 2 4 9 6 │ 5 2
 7 2 │ 1 5 1 2 │ 2 1
  ┼────────────────────────┼
 1 6 │ 0 3 3 6 │ 2 1
 7 4 │ 3 3 3 0 │ 4 5
 3 7 │ 3 3 6 7 │ 9 1
 9 8 │ 6 0 7 6 │ 6 2
  ┼────────────────────────┼
 3 7 │ 1 7 3 9 │ 4 7
 7 9 │ 6 4 7 8 │ 8 2

# Square 11  (outer=555456179, inner=1625122073221)
TL=(4,8,8,1) TR=(3,1,4,9) BL=(3,4,1,9) BR=(7,6,6,7)
 4 8 │ 1 4 8 8 │ 3 1
 8 1 │ 3 9 6 9 │ 4 9
  ┼────────────────────────┼
 1 3 │ 0 2 7 3 │ 2 1
 4 9 │ 2 5 4 8 │ 5 2
 8 6 │ 7 4 8 2 │ 8 7
 8 9 │ 3 8 2 7 │ 4 3
  ┼────────────────────────┼
 3 4 │ 2 5 8 4 │ 7 6
 1 9 │ 1 2 7 3 │ 6 7

# Square 12  (outer=563508475, inner=1650552666107)
TL=(4,8,8,2) TR=(3,3,7,6) BL=(3,7,3,6) BR=(7,5,5,9)
 4 8 │ 1 5 8 4 │ 3 3
 8 2 │ 6 2 3 2 │ 7 6
  ┼────────────────────────┼
 1 6 │ 0 3 5 2 │ 2 2
 5 2 │ 3 6 9 2 │ 7 1
 8 3 │ 5 9 7 6 │ 7 2
 4 2 │ 2 2 6 8 │ 5 4
  ┼────────────────────────┼
 3 7 │ 2 7 7 5 │ 7 5
 3 6 │ 2 1 2 4 │ 5 9

# Square 13  (outer=569042524, inner=1666048005368)
TL=(4,8,8,2) TR=(9,1,5,7) BL=(9,5,1,7) BR=(9,7,7,3)
 4 8 │ 4 3 6 8 │ 9 1
 8 2 │ 4 6 7 4 │ 5 7
  ┼────────────────────────┼
 4 4 │ 4 0 0 4 │ 9 1
 3 6 │ 0 7 9 2 │ 2 2
 6 7 │ 0 9 3 8 │ 1 4
 8 4 │ 4 2 8 4 │ 5 1
  ┼────────────────────────┼
 9 5 │ 9 2 1 5 │ 9 7
 1 7 │ 1 2 4 1 │ 7 3

# Square 14  (outer=571614467, inner=1673766625809)
TL=(4,8,8,3) TR=(4,1,5,4) BL=(4,5,1,4) BR=(7,9,9,8)
 4 8 │ 1 9 6 8 │ 4 1
 8 3 │ 4 4 8 2 │ 5 4
  ┼────────────────────────┼
 1 4 │ 0 4 3 4 │ 3 1
 9 4 │ 4 9 8 2 │ 5 3
 6 8 │ 3 8 7 6 │ 5 7
 8 2 │ 4 2 6 4 │ 5 2
  ┼────────────────────────┼
 4 5 │ 3 5 5 5 │ 7 9
 1 4 │ 1 3 7 2 │ 9 8

# Square 15  (outer=572177929, inner=1675513358268)
TL=(4,8,8,3) TR=(5,1,6,7) BL=(5,6,1,7) BR=(7,6,6,7)
 4 8 │ 2 4 4 8 │ 5 1
 8 3 │ 5 5 6 1 │ 6 7
  ┼────────────────────────┼
 2 5 │ 1 0 2 5 │ 4 1
 4 5 │ 0 9 4 5 │ 2 1
 4 6 │ 2 4 3 8 │ 5 3
 8 1 │ 5 5 8 9 │ 6 9
  ┼────────────────────────┼
 5 6 │ 4 2 5 6 │ 7 6
 1 7 │ 1 1 3 9 │ 6 7

# Square 16  (outer=572494642, inner=1676495168721)
TL=(4,8,8,3) TR=(5,4,2,1) BL=(5,2,4,1) BR=(5,3,3,7)
 4 8 │ 2 5 9 2 │ 5 4
 8 3 │ 1 7 4 3 │ 2 1
  ┼────────────────────────┼
 2 1 │ 0 4 4 1 │ 2 1
 5 7 │ 4 2 7 5 │ 7 5
 9 4 │ 4 7 9 4 │ 5 1
 2 3 │ 1 5 4 1 │ 6 7
  ┼────────────────────────┼
 5 2 │ 2 7 5 6 │ 5 3
 4 1 │ 1 5 1 7 │ 3 7

# Square 17  (outer=583446428, inner=1708961548164)
TL=(4,8,8,4) TR=(8,7,1,7) BL=(8,1,7,7) BR=(7,4,4,4)
 4 8 │ 4 1 7 6 │ 8 7
 8 4 │ 1 4 2 8 │ 1 7
  ┼────────────────────────┼
 4 1 │ 2 1 7 3 │ 5 3
 1 4 │ 1 3 0 2 │ 9 3
 7 2 │ 7 0 5 6 │ 9 8
 6 8 │ 3 2 6 4 │ 4 8
  ┼────────────────────────┼
 8 1 │ 5 9 9 4 │ 7 4
 7 7 │ 3 3 8 8 │ 4 4

# Square 18  (outer=590339659, inner=1723773252978)
TL=(4,8,8,6) TR=(3,4,8,7) BL=(3,8,4,7) BR=(3,6,6,9)
 4 8 │ 1 6 3 2 │ 3 4
 8 6 │ 7 4 8 2 │ 8 7
  ┼────────────────────────┼
 1 7 │ 0 2 2 1 │ 1 3
 6 4 │ 2 0 4 8 │ 3 2
 3 8 │ 2 4 3 2 │ 6 4
 2 2 │ 1 8 2 6 │ 8 3
  ┼────────────────────────┼
 3 8 │ 1 3 6 8 │ 3 6
 4 7 │ 3 2 4 3 │ 6 9

# Square 19  (outer=593873222, inner=1733843908871)
TL=(4,8,8,6) TR=(7,4,4,8) BL=(7,4,4,8) BR=(2,7,7,2)
 4 8 │ 3 5 5 2 │ 7 4
 8 6 │ 4 1 2 8 │ 4 8
  ┼────────────────────────┼
 3 4 │ 0 4 4 2 │ 1 3
 5 1 │ 4 7 9 4 │ 9 4
 5 2 │ 4 9 4 0 │ 9 5
 2 8 │ 2 4 0 8 │ 8 6
  ┼────────────────────────┼
 7 4 │ 1 9 9 8 │ 2 7
 4 8 │ 3 4 5 6 │ 7 2

# Square 20  (outer=598318920, inner=1747125132263)
TL=(4,8,8,7) TR=(3,8,4,4) BL=(3,4,8,4) BR=(3,8,8,9)
 4 8 │ 1 8 2 4 │ 3 8
 8 7 │ 3 8 2 8 │ 4 4
  ┼────────────────────────┼
 1 3 │ 0 2 2 1 │ 1 7
 8 8 │ 2 1 1 2 │ 2 4
 2 2 │ 2 1 3 4 │ 9 7
 4 8 │ 1 2 4 8 │ 2 6
  ┼────────────────────────┼
 3 4 │ 1 2 9 2 │ 3 8
 8 4 │ 7 4 7 6 │ 8 9

# Square 21  (outer=599282819, inner=1750257804460)
TL=(4,8,8,7) TR=(5,2,3,3) BL=(5,3,2,3) BR=(9,9,9,9)
 4 8 │ 2 4 9 6 │ 5 2
 8 7 │ 2 8 7 1 │ 3 3
  ┼────────────────────────┼
 2 2 │ 1 1 4 4 │ 5 2
 4 8 │ 1 0 5 6 │ 2 2
 9 7 │ 4 5 5 9 │ 4 7
 6 1 │ 4 6 9 7 │ 7 7
  ┼────────────────────────┼
 5 3 │ 5 2 4 7 │ 9 9
 2 3 │ 2 2 7 7 │ 9 9

# Square 22  (outer=603464650, inner=1763848756751)
TL=(4,8,8,7) TR=(8,7,9,6) BL=(8,9,7,6) BR=(9,6,6,1)
 4 8 │ 4 1 7 6 │ 8 7
 8 7 │ 8 3 5 2 │ 9 6
  ┼────────────────────────┼
 4 8 │ 4 0 3 2 │ 8 4
 1 3 │ 0 7 2 8 │ 5 6
 7 5 │ 3 2 2 5 │ 4 3
 6 2 │ 2 8 5 2 │ 4 6
  ┼────────────────────────┼
 8 9 │ 8 5 4 4 │ 9 6
 7 6 │ 4 6 3 6 │ 6 1

# Square 23  (outer=605933680, inner=1771508356190)
TL=(4,8,8,8) TR=(3,4,8,9) BL=(3,8,4,9) BR=(3,6,6,4)
 4 8 │ 1 6 3 2 │ 3 4
 8 8 │ 7 8 3 2 │ 8 9
  ┼────────────────────────┼
 1 7 │ 0 2 2 1 │ 1 3
 6 8 │ 2 1 0 8 │ 3 1
 3 3 │ 2 0 7 9 │ 6 3
 2 2 │ 1 8 9 2 │ 8 6
  ┼────────────────────────┼
 3 8 │ 1 3 6 8 │ 3 6
 4 9 │ 3 1 3 6 │ 6 4

# Square 24  (outer=612736465, inner=1791313582104)
TL=(4,8,8,9) TR=(2,7,1,4) BL=(2,1,7,4) BR=(7,3,3,6)
 4 8 │ 1 2 9 6 │ 2 7
 8 9 │ 1 2 4 6 │ 1 4
  ┼────────────────────────┼
 1 1 │ 0 1 3 2 │ 1 2
 2 2 │ 1 2 3 2 │ 5 6
 9 4 │ 3 3 8 4 │ 3 6
 6 6 │ 2 2 4 4 │ 3 4
  ┼────────────────────────┼
 2 1 │ 1 5 3 3 │ 7 3
 7 4 │ 2 6 6 4 │ 3 6

# Square 25  (outer=617129020, inner=1805369759969)
TL=(4,8,8,9) TR=(7,2,2,6) BL=(7,2,2,6) BR=(6,8,8,3)
 4 8 │ 3 4 5 6 │ 7 2
 8 9 │ 2 3 1 4 │ 2 6
  ┼────────────────────────┼
 3 2 │ 1 3 4 4 │ 4 2
 4 3 │ 3 4 8 3 │ 8 1
 5 1 │ 4 8 4 5 │ 9 5
 6 4 │ 4 3 5 2 │ 6 8
  ┼────────────────────────┼
 7 2 │ 4 8 9 6 │ 6 8
 2 6 │ 2 1 5 8 │ 8 3

# Square 26  (outer=636546168, inner=1870371451241)
TL=(4,8,9,3) TR=(3,4,4,5) BL=(2,7,7,1) BR=(4,9,8,3)
 4 8 │ 1 6 3 2 │ 3 4
 9 3 │ 4 1 8 5 │ 4 5
  ┼────────────────────────┼
 1 5 │ 0 2 1 0 │ 1 4
 3 8 │ 2 3 1 8 │ 6 1
 2 9 │ 1 1 0 2 │ 3 8
 3 3 │ 0 8 2 5 │ 2 5
  ┼────────────────────────┼
 2 7 │ 1 3 2 3 │ 4 9
 7 1 │ 5 8 9 3 │ 8 3

# Square 27  (outer=719712122, inner=2134225809679)
TL=(4,9,2,3) TR=(2,6,6,3) BL=(4,1,1,7) BR=(4,2,9,3)
 4 9 │ 1 2 7 4 │ 2 6
 2 3 │ 1 4 4 9 │ 6 3
  ┼────────────────────────┼
 1 1 │ 0 1 2 1 │ 1 1
 7 5 │ 1 8 0 0 │ 2 4
 2 8 │ 2 0 7 2 │ 7 4
 2 1 │ 1 0 2 9 │ 4 9
  ┼────────────────────────┼
 4 1 │ 1 7 2 2 │ 4 2
 1 7 │ 1 5 8 1 │ 9 3

# Square 28  (outer=875058666, inner=2591023430797)
TL=(4,9,4,9) TR=(3,7,7,1) BL=(5,4,4,7) BR=(4,4,9,9)
 4 9 │ 1 8 1 3 │ 3 7
 4 9 │ 3 4 7 9 │ 7 1
  ┼────────────────────────┼
 2 4 │ 0 3 1 2 │ 1 3
 3 6 │ 3 0 2 4 │ 8 4
 7 5 │ 1 2 7 5 │ 1 7
 6 3 │ 2 4 5 7 │ 3 9
  ┼────────────────────────┼
 5 4 │ 2 3 7 6 │ 4 4
 4 7 │ 4 6 5 3 │ 9 9

# Square 29  (outer=927033616, inner=2691430075644)
TL=(4,9,5,7) TR=(2,9,9,6) BL=(3,5,5,1) BR=(4,5,9,7)
 4 9 │ 1 4 2 1 │ 2 9
 5 7 │ 5 4 7 2 │ 9 6
  ┼────────────────────────┼
 1 4 │ 0 2 1 0 │ 1 5
 5 9 │ 2 5 9 6 │ 4 4
 7 4 │ 1 9 9 8 │ 2 7
 5 7 │ 0 6 8 4 │ 1 2
  ┼────────────────────────┼
 3 5 │ 1 5 7 5 │ 4 5
 5 1 │ 4 9 4 7 │ 9 7

# Square 30  (outer=967529853, inner=2785647047545)
TL=(4,9,6,3) TR=(2,9,9,2) BL=(3,4,4,5) BR=(4,6,9,3)
 4 9 │ 1 4 2 1 │ 2 9
 6 3 │ 5 7 9 6 │ 9 2
  ┼────────────────────────┼
 1 4 │ 0 2 1 0 │ 1 5
 5 1 │ 2 3 9 7 │ 4 7
 6 8 │ 1 9 7 2 │ 2 9
 4 5 │ 0 7 2 0 │ 1 6
  ┼────────────────────────┼
 3 4 │ 1 5 6 4 │ 4 6
 4 5 │ 4 1 8 5 │ 9 3

# Square 31  (outer=1113874043, inner=3234933548024)
TL=(4,9,8,3) TR=(2,7,7,1) BL=(3,4,4,5) BR=(4,8,9,3)
 4 9 │ 1 3 2 3 │ 2 7
 8 3 │ 5 8 9 3 │ 7 1
  ┼────────────────────────┼
 1 4 │ 0 2 1 0 │ 1 5
 6 1 │ 2 3 1 8 │ 3 8
 3 8 │ 1 1 0 2 │ 2 9
 2 5 │ 0 8 2 5 │ 3 3
  ┼────────────────────────┼
 3 4 │ 1 6 3 2 │ 4 8
 4 5 │ 4 1 8 5 │ 9 3

# Square 32  (outer=1172160972, inner=3403995007846)
TL=(4,9,9,1) TR=(3,4,2,1) BL=(3,2,4,1) BR=(7,8,8,1)
 4 9 │ 1 6 6 6 │ 3 4
 9 1 │ 1 9 1 1 │ 2 1
  ┼────────────────────────┼
 1 1 │ 0 2 5 3 │ 2 3
 6 9 │ 2 9 6 7 │ 4 3
 6 1 │ 5 6 1 2 │ 9 2
 6 1 │ 3 7 2 1 │ 6 1
  ┼────────────────────────┼
 3 2 │ 2 4 9 6 │ 7 8
 4 1 │ 3 3 2 1 │ 8 1

# Square 33  (outer=1172655052, inner=3405765790770)
TL=(4,9,9,1) TR=(3,7,3,8) BL=(3,3,7,8) BR=(7,5,5,6)
 4 9 │ 1 8 1 3 │ 3 7
 9 1 │ 3 4 5 8 │ 3 8
  ┼────────────────────────┼
 1 3 │ 0 3 1 2 │ 2 4
 8 4 │ 3 6 1 2 │ 4 3
 1 5 │ 1 1 4 0 │ 7 6
 3 8 │ 2 2 0 4 │ 5 8
  ┼────────────────────────┼
 3 3 │ 2 4 7 5 │ 7 5
 7 8 │ 4 3 6 8 │ 5 6

# Square 34  (outer=1173778366, inner=3409791748623)
TL=(4,9,9,1) TR=(5,2,7,9) BL=(5,7,2,9) BR=(7,4,4,7)
 4 9 │ 2 5 4 8 │ 5 2
 9 1 │ 7 1 8 9 │ 7 9
  ┼────────────────────────┼
 2 7 │ 1 1 0 7 │ 4 1
 5 1 │ 1 1 7 3 │ 2 3
 4 8 │ 0 7 6 8 │ 1 6
 8 9 │ 7 3 8 7 │ 8 3
  ┼────────────────────────┼
 5 7 │ 4 2 1 8 │ 7 4
 2 9 │ 1 3 6 3 │ 4 7

# Square 35  (outer=1174021483, inner=3410663080050)
TL=(4,9,9,1) TR=(5,4,3,8) BL=(5,3,4,8) BR=(7,8,8,9)
 4 9 │ 2 6 4 6 │ 5 4
 9 1 │ 3 4 5 8 │ 3 8
  ┼────────────────────────┼
 2 3 │ 1 0 1 2 │ 4 4
 6 4 │ 0 7 6 8 │ 1 2
 4 5 │ 1 6 6 5 │ 3 7
 6 8 │ 2 8 5 6 │ 4 2
  ┼────────────────────────┼
 5 3 │ 4 1 3 4 │ 7 8
 4 8 │ 4 2 7 2 │ 8 9

# Square 36  (outer=1174140149, inner=3411088379040)
TL=(4,9,9,1) TR=(5,5,1,4) BL=(5,1,5,4) BR=(2,7,7,3)
 4 9 │ 2 6 9 5 │ 5 5
 9 1 │ 1 2 7 4 │ 1 4
  ┼────────────────────────┼
 2 1 │ 0 2 7 3 │ 1 3
 6 2 │ 2 4 1 8 │ 3 9
 9 7 │ 7 1 7 8 │ 7 4
 5 4 │ 3 8 8 8 │ 7 2
  ┼────────────────────────┼
 5 1 │ 1 3 7 7 │ 2 7
 5 4 │ 3 9 4 2 │ 7 3

# Square 37  (outer=1187185942, inner=3454628774588)
TL=(4,9,9,2) TR=(8,8,6,9) BL=(8,6,8,9) BR=(9,3,3,2)
 4 9 │ 4 3 1 2 │ 8 8
 9 2 │ 6 3 4 8 │ 6 9
  ┼────────────────────────┼
 4 6 │ 3 3 1 2 │ 7 2
 3 3 │ 3 2 3 4 │ 9 8
 1 4 │ 1 3 1 6 │ 9 4
 2 8 │ 2 4 6 4 │ 8 8
  ┼────────────────────────┼
 8 6 │ 7 9 9 8 │ 9 3
 8 9 │ 2 8 4 8 │ 3 2

# Square 38  (outer=1216034538, inner=3543193533162)
TL=(4,9,9,6) TR=(7,4,6,7) BL=(7,6,4,7) BR=(6,4,4,8)
 4 9 │ 3 6 2 6 │ 7 4
 9 6 │ 6 4 3 2 │ 6 7
  ┼────────────────────────┼
 3 6 │ 1 5 1 2 │ 4 2
 6 4 │ 5 2 4 8 │ 8 2
 2 3 │ 1 4 9 5 │ 6 5
 6 2 │ 2 8 5 2 │ 4 6
  ┼────────────────────────┼
 7 6 │ 4 8 6 4 │ 6 4
 4 7 │ 2 2 5 6 │ 4 8

# Square 39  (outer=1224831002, inner=3573404043447)
TL=(4,9,9,7) TR=(7,5,1,2) BL=(7,1,5,2) BR=(2,2,2,8)
 4 9 │ 3 6 7 5 │ 7 5
 9 7 │ 1 1 6 4 │ 1 2
  ┼────────────────────────┼
 3 1 │ 0 3 4 1 │ 1 1
 6 1 │ 3 2 9 4 │ 5 4
 7 6 │ 4 9 4 0 │ 6 5
 5 4 │ 1 4 0 4 │ 2 6
  ┼────────────────────────┼
 7 1 │ 1 5 6 2 │ 2 2
 5 2 │ 1 4 5 6 │ 2 8

# Square 40  (outer=1229111144, inner=3588153945441)
TL=(4,9,9,8) TR=(3,4,7,9) BL=(3,7,4,9) BR=(3,6,6,7)
 4 9 │ 1 6 6 6 │ 3 4
 9 8 │ 7 7 4 2 │ 7 9
  ┼────────────────────────┼
 1 7 │ 0 2 2 1 │ 1 3
 6 7 │ 2 1 4 4 │ 3 2
 6 4 │ 2 4 3 2 │ 3 8
 6 2 │ 1 4 2 6 │ 2 3
  ┼────────────────────────┼
 3 7 │ 1 3 3 2 │ 3 6
 4 9 │ 3 2 8 3 │ 6 7

# Square 41  (outer=1233306090, inner=3601074380694)
TL=(4,9,9,8) TR=(7,5,4,3) BL=(7,4,5,3) BR=(8,6,6,2)
 4 9 │ 3 6 7 5 │ 7 5
 9 8 │ 4 2 1 4 │ 4 3
  ┼────────────────────────┼
 3 4 │ 2 1 4 2 │ 6 3
 6 2 │ 1 9 8 4 │ 3 2
 7 1 │ 4 8 2 8 │ 6 8
 5 4 │ 2 4 8 4 │ 4 6
  ┼────────────────────────┼
 7 4 │ 6 3 6 4 │ 8 6
 5 3 │ 3 2 8 6 │ 6 2

# Square 42  (outer=1237698204, inner=3615434606767)
TL=(4,9,9,9) TR=(3,7,3,2) BL=(3,3,7,2) BR=(7,5,5,8)
 4 9 │ 1 8 1 3 │ 3 7
 9 9 │ 3 1 6 8 │ 3 2
  ┼────────────────────────┼
 1 3 │ 0 3 1 2 │ 2 4
 8 1 │ 3 3 2 1 │ 4 1
 1 6 │ 1 2 3 2 │ 7 7
 3 8 │ 2 1 2 8 │ 5 6
  ┼────────────────────────┼
 3 3 │ 2 4 7 5 │ 7 5
 7 2 │ 4 1 7 6 │ 5 8

# Square 43  (outer=1241670993, inner=3629673084134)
TL=(4,9,9,9) TR=(7,4,1,9) BL=(7,1,4,9) BR=(8,4,4,4)
 4 9 │ 3 6 2 6 │ 7 4
 9 9 │ 1 8 8 1 │ 1 9
  ┼────────────────────────┼
 3 1 │ 1 6 1 2 │ 5 2
 6 8 │ 6 1 8 8 │ 9 1
 2 8 │ 1 8 2 0 │ 6 5
 6 1 │ 2 8 0 6 │ 4 6
  ┼────────────────────────┼
 7 1 │ 5 9 6 4 │ 8 4
 4 9 │ 2 1 5 6 │ 4 4

# Square 44  (outer=1248475125, inner=3643551091848)
TL=(5,1,1,4) TR=(3,2,9,1) BL=(3,9,2,1) BR=(3,5,5,3)
 5 1 │ 1 6 3 2 │ 3 2
 1 4 │ 1 2 7 4 │ 9 1
  ┼────────────────────────┼
 1 1 │ 0 1 2 1 │ 1 1
 6 2 │ 1 9 2 2 │ 3 1
 3 7 │ 2 2 5 7 │ 6 1
 2 4 │ 1 2 7 2 │ 5 3
  ┼────────────────────────┼
 3 9 │ 1 3 6 5 │ 3 5
 2 1 │ 1 1 1 3 │ 5 3

# Square 45  (outer=1249749090, inner=3644674729425)
TL=(5,1,1,4) TR=(7,4,8,9) BL=(7,8,4,9) BR=(5,7,7,3)
 5 1 │ 3 7 7 4 │ 7 4
 1 4 │ 1 2 4 6 │ 8 9
  ┼────────────────────────┼
 3 1 │ 1 3 3 3 │ 4 3
 7 2 │ 3 2 4 0 │ 4 5
 7 4 │ 3 4 7 8 │ 4 7
 4 6 │ 3 0 8 2 │ 6 7
  ┼────────────────────────┼
 7 8 │ 4 4 4 6 │ 5 7
 4 9 │ 3 5 7 7 │ 7 3

# Square 46  (outer=1252095627, inner=3646565967330)
TL=(5,1,1,5) TR=(7,7,9,1) BL=(7,9,7,1) BR=(3,5,5,1)
 5 1 │ 3 9 2 7 │ 7 7
 1 5 │ 1 3 6 5 │ 9 1
  ┼────────────────────────┼
 3 1 │ 0 7 1 3 │ 2 3
 9 3 │ 7 0 6 8 │ 7 6
 2 6 │ 1 6 1 2 │ 6 2
 7 5 │ 3 8 2 5 │ 5 1
  ┼────────────────────────┼
 7 9 │ 2 7 6 5 │ 3 5
 7 1 │ 3 6 2 1 │ 5 1

# Square 47  (outer=1256277075, inner=3651951655716)
TL=(5,1,1,6) TR=(9,2,8,4) BL=(9,8,2,4) BR=(8,7,7,8)
 5 1 │ 4 6 9 2 │ 9 2
 1 6 │ 1 3 4 4 │ 8 4
  ┼────────────────────────┼
 4 1 │ 3 3 2 1 │ 8 1
 6 3 │ 3 6 5 4 │ 5 8
 9 4 │ 2 5 3 8 │ 2 7
 2 4 │ 1 4 8 8 │ 6 2
  ┼────────────────────────┼
 9 8 │ 8 5 2 6 │ 8 7
 2 4 │ 1 8 7 2 │ 7 8

# Square 48  (outer=1261128007, inner=3660604879739)
TL=(5,1,1,7) TR=(9,2,8,4) BL=(9,8,2,4) BR=(8,7,7,4)
 5 1 │ 4 6 9 2 │ 9 2
 1 7 │ 1 4 2 8 │ 8 4
  ┼────────────────────────┼
 4 1 │ 3 3 2 1 │ 8 1
 6 4 │ 3 6 4 8 │ 5 7
 9 2 │ 2 4 8 4 │ 2 7
 2 8 │ 1 8 4 8 │ 6 6
  ┼────────────────────────┼
 9 8 │ 8 5 2 6 │ 8 7
 2 4 │ 1 7 7 6 │ 7 4

# Square 49  (outer=1262254487, inner=3662629022290)
TL=(5,1,1,8) TR=(3,1,8,7) BL=(3,8,1,7) BR=(6,7,7,2)
 5 1 │ 1 5 8 1 │ 3 1
 1 8 │ 1 5 6 6 │ 8 7
  ┼────────────────────────┼
 1 1 │ 0 2 3 1 │ 2 1
 5 5 │ 2 8 6 0 │ 5 2
 8 6 │ 3 6 1 2 │ 4 2
 1 6 │ 1 0 2 4 │ 6 4
  ┼────────────────────────┼
 3 8 │ 2 5 4 6 │ 6 7
 1 7 │ 1 2 2 4 │ 7 2

# Square 50  (outer=1267341395, inner=3671861619463)
TL=(5,1,1,9) TR=(3,2,9,4) BL=(3,9,2,4) BR=(6,4,4,7)
 5 1 │ 1 6 3 2 │ 3 2
 1 9 │ 1 7 8 6 │ 9 4
  ┼────────────────────────┼
 1 1 │ 0 2 3 1 │ 2 1
 6 7 │ 2 7 4 7 │ 4 1
 3 8 │ 3 4 9 6 │ 9 2
 2 6 │ 1 7 6 8 │ 6 8
  ┼────────────────────────┼
 3 9 │ 2 4 9 6 │ 6 4
 2 4 │ 1 1 2 8 │ 4 7

# Square 51  (outer=1267450384, inner=3672095073950)
TL=(5,1,1,9) TR=(3,4,7,1) BL=(3,7,4,1) BR=(3,5,5,4)
 5 1 │ 1 7 3 4 │ 3 4
 1 9 │ 1 3 4 9 │ 7 1
  ┼────────────────────────┼
 1 1 │ 0 1 3 2 │ 1 2
 7 3 │ 1 6 0 6 │ 2 2
 3 4 │ 3 0 9 4 │ 9 1
 4 9 │ 2 6 4 6 │ 5 4
  ┼────────────────────────┼
 3 7 │ 1 2 9 5 │ 3 5
 4 1 │ 2 2 1 4 │ 5 4

# Square 52  (outer=1270984148, inner=3679664397740)
TL=(5,1,1,9) TR=(8,4,8,4) BL=(8,8,4,4) BR=(4,4,4,3)
 5 1 │ 4 2 8 4 │ 8 4
 1 9 │ 1 5 9 6 │ 8 4
  ┼────────────────────────┼
 4 1 │ 1 2 7 1 │ 3 1
 2 5 │ 2 2 0 0 │ 8 8
 8 9 │ 7 0 3 1 │ 7 9
 4 6 │ 1 0 1 2 │ 2 2
  ┼────────────────────────┼
 8 8 │ 3 8 7 2 │ 4 4
 4 4 │ 1 8 9 2 │ 4 3

# Square 53  (outer=1271691094, inner=3681178676314)
TL=(5,1,1,9) TR=(9,2,8,8) BL=(9,8,2,8) BR=(8,6,6,7)
 5 1 │ 4 6 9 2 │ 9 2
 1 9 │ 1 6 7 2 │ 8 8
  ┼────────────────────────┼
 4 1 │ 3 3 2 1 │ 8 1
 6 6 │ 3 1 6 8 │ 4 8
 9 7 │ 2 6 1 9 │ 2 7
 2 2 │ 1 8 9 2 │ 8 6
  ┼────────────────────────┼
 9 8 │ 8 4 2 8 │ 8 6
 2 8 │ 1 8 7 6 │ 6 7

# Square 54  (outer=1314061621, inner=3722786776206)
TL=(5,1,2,9) TR=(3,4,4,3) BL=(4,6,6,3) BR=(5,2,1,9)
 5 1 │ 1 7 3 4 │ 3 4
 2 9 │ 1 2 4 7 │ 4 3
  ┼────────────────────────┼
 2 1 │ 0 2 3 1 │ 1 1
 3 1 │ 2 2 3 2 │ 7 2
 9 9 │ 3 3 6 6 │ 3 4
 2 7 │ 1 2 6 9 │ 4 7
  ┼────────────────────────┼
 4 6 │ 2 3 9 2 │ 5 2
 6 3 │ 1 1 9 7 │ 1 9

# Square 55  (outer=1363005772, inner=3774773992619)
TL=(5,1,3,7) TR=(9,8,8,9) BL=(9,8,8,8) BR=(5,3,1,7)
 5 1 │ 4 9 9 8 │ 9 8
 3 7 │ 3 2 9 3 │ 8 9
  ┼────────────────────────┼
 5 1 │ 2 1 9 3 │ 4 3
 1 4 │ 1 2 8 8 │ 9 2
 9 9 │ 9 8 0 1 │ 9 9
 4 6 │ 3 8 1 8 │ 8 3
  ┼────────────────────────┼
 9 8 │ 5 1 9 4 │ 5 3
 8 8 │ 1 4 9 6 │ 1 7

# Square 56  (outer=1460189158, inner=3877315817258)
TL=(5,1,5,4) TR=(2,7,7,3) BL=(4,9,9,1) BR=(5,5,1,4)
 5 1 │ 1 3 7 7 │ 2 7
 5 4 │ 3 9 4 2 │ 7 3
  ┼────────────────────────┼
 2 1 │ 0 2 7 3 │ 1 3
 6 2 │ 2 4 1 8 │ 3 9
 9 7 │ 7 1 7 8 │ 7 4
 5 4 │ 3 8 8 8 │ 7 2
  ┼────────────────────────┼
 4 9 │ 2 6 9 5 │ 5 5
 9 1 │ 1 2 7 4 │ 1 4

# Square 57  (outer=1466722065, inner=3880334020404)
TL=(5,1,5,4) TR=(8,7,7,3) BL=(6,9,9,1) BR=(5,5,1,4)
 5 1 │ 4 4 3 7 │ 8 7
 5 4 │ 3 9 4 2 │ 7 3
  ┼────────────────────────┼
 3 1 │ 1 3 3 3 │ 4 3
 7 2 │ 3 5 2 8 │ 4 9
 9 7 │ 3 2 9 8 │ 3 4
 5 4 │ 3 8 8 8 │ 7 2
  ┼────────────────────────┼
 6 9 │ 3 7 9 5 │ 5 5
 9 1 │ 1 2 7 4 │ 1 4

# Square 58  (outer=1486555628, inner=3893633996620)
TL=(5,1,5,7) TR=(6,6,6,7) BL=(5,9,9,8) BR=(5,5,1,7)
 5 1 │ 3 3 6 6 │ 6 6
 5 7 │ 3 8 1 9 │ 6 7
  ┼────────────────────────┼
 3 1 │ 1 0 2 3 │ 3 3
 2 6 │ 0 9 8 8 │ 3 8
 4 6 │ 2 8 0 6 │ 6 1
 5 6 │ 3 8 6 4 │ 6 9
  ┼────────────────────────┼
 5 9 │ 3 2 4 5 │ 5 5
 9 8 │ 1 6 6 6 │ 1 7

# Square 59  (outer=1552912199, inner=3949580477870)
TL=(5,1,6,7) TR=(4,8,8,3) BL=(7,6,6,7) BR=(5,6,1,7)
 5 1 │ 2 4 4 8 │ 4 8
 6 7 │ 5 5 6 1 │ 8 3
  ┼────────────────────────┼
 4 1 │ 1 0 2 5 │ 2 5
 2 1 │ 0 9 4 5 │ 4 5
 5 3 │ 2 4 3 8 │ 4 6
 6 9 │ 5 5 8 9 │ 8 1
  ┼────────────────────────┼
 7 6 │ 4 2 5 6 │ 5 6
 6 7 │ 1 1 3 9 │ 1 7

# Square 60  (outer=1562109306, inner=3963321075927)
TL=(5,1,6,8) TR=(4,4,4,1) BL=(9,9,9,2) BR=(5,6,1,8)
 5 1 │ 2 2 4 4 │ 4 4
 6 8 │ 2 7 8 8 │ 4 1
  ┼────────────────────────┼
 5 1 │ 1 1 2 2 │ 2 2
 5 6 │ 1 5 1 2 │ 2 7
 4 5 │ 2 1 6 0 │ 4 8
 4 6 │ 2 2 0 8 │ 4 8
  ┼────────────────────────┼
 9 9 │ 5 5 4 4 │ 5 6
 9 2 │ 1 6 5 6 │ 1 8

# Square 61  (outer=1616189349, inner=4016231262317)
TL=(5,1,7,6) TR=(4,5,5,1) BL=(9,8,8,2) BR=(5,7,1,6)
 5 1 │ 2 2 9 5 │ 4 5
 7 6 │ 3 8 7 6 │ 5 1
  ┼────────────────────────┼
 5 1 │ 1 1 7 3 │ 2 3
 5 3 │ 1 4 8 4 │ 2 8
 8 1 │ 7 8 5 7 │ 9 7
 6 2 │ 3 4 7 2 │ 5 6
  ┼────────────────────────┼
 9 8 │ 5 5 8 6 │ 5 7
 8 2 │ 1 3 1 2 │ 1 6

# Square 62  (outer=1815601805, inner=4287384284026)
TL=(5,2,1,9) TR=(4,6,6,3) BL=(3,4,4,3) BR=(5,1,2,9)
 5 2 │ 2 3 9 2 │ 4 6
 1 9 │ 1 1 9 7 │ 6 3
  ┼────────────────────────┼
 1 1 │ 0 2 3 1 │ 2 1
 7 2 │ 2 2 3 2 │ 3 1
 3 4 │ 3 3 6 6 │ 9 9
 4 7 │ 1 2 6 9 │ 2 7
  ┼────────────────────────┼
 3 4 │ 1 7 3 4 │ 5 1
 4 3 │ 1 2 4 7 │ 2 9

# Square 63  (outer=1820116136, inner=4299410103883)
TL=(5,2,2,1) TR=(4,8,7,2) BL=(4,7,8,2) BR=(3,7,7,9)
 5 2 │ 2 4 9 6 │ 4 8
 2 1 │ 1 5 1 2 │ 7 2
  ┼────────────────────────┼
 2 1 │ 0 3 3 6 │ 1 6
 4 5 │ 3 3 3 0 │ 7 4
 9 1 │ 3 3 6 7 │ 3 7
 6 2 │ 6 0 7 6 │ 9 8
  ┼────────────────────────┼
 4 7 │ 1 7 3 9 │ 3 7
 8 2 │ 6 4 7 8 │ 7 9

# Square 64  (outer=1821535427, inner=4301943538919)
TL=(5,2,2,1) TR=(7,4,7,8) BL=(7,7,4,8) BR=(5,6,6,1)
 5 2 │ 3 8 4 8 │ 7 4
 2 1 │ 1 6 3 8 │ 7 8
  ┼────────────────────────┼
 3 1 │ 1 3 0 2 │ 4 2
 8 6 │ 3 3 5 4 │ 3 9
 4 3 │ 0 5 1 6 │ 1 2
 8 8 │ 2 4 6 4 │ 2 8
  ┼────────────────────────┼
 7 7 │ 4 3 1 2 │ 5 6
 4 8 │ 2 9 2 8 │ 6 1

# Square 65  (outer=1822944020, inner=4304453759587)
TL=(5,2,2,2) TR=(2,2,8,8) BL=(2,8,2,8) BR=(6,7,7,8)
 5 2 │ 1 1 4 4 │ 2 2
 2 2 │ 1 9 3 6 │ 8 8
  ┼────────────────────────┼
 1 1 │ 0 1 3 2 │ 1 2
 1 9 │ 1 5 3 9 │ 8 1
 4 3 │ 3 3 5 4 │ 7 8
 4 6 │ 2 9 4 4 │ 6 4
  ┼────────────────────────┼
 2 8 │ 1 8 7 6 │ 6 7
 2 8 │ 2 1 8 4 │ 7 8

# Square 66  (outer=1823598218, inner=4305554775142)
TL=(5,2,2,2) TR=(3,7,7,6) BL=(3,7,7,6) BR=(3,2,2,4)
 5 2 │ 1 9 2 4 │ 3 7
 2 2 │ 1 6 7 2 │ 7 6
  ┼────────────────────────┼
 1 1 │ 0 1 2 1 │ 1 1
 9 6 │ 1 7 2 8 │ 1 8
 2 7 │ 2 2 1 4 │ 8 2
 4 2 │ 1 8 4 8 │ 4 4
  ┼────────────────────────┼
 3 7 │ 1 1 8 4 │ 3 2
 7 6 │ 1 8 2 4 │ 2 4

# Square 67  (outer=1832203471, inner=4321289843957)
TL=(5,2,2,4) TR=(3,8,5,6) BL=(3,5,8,6) BR=(3,3,3,7)
 5 2 │ 1 9 7 6 │ 3 8
 2 4 │ 1 3 4 4 │ 5 6
  ┼────────────────────────┼
 1 1 │ 0 1 4 3 │ 1 3
 9 3 │ 1 0 2 3 │ 1 1
 7 4 │ 4 2 9 2 │ 5 8
 6 4 │ 3 3 2 8 │ 5 2
  ┼────────────────────────┼
 3 5 │ 1 1 5 5 │ 3 3
 8 6 │ 3 1 8 2 │ 3 7

# Square 68  (outer=1849381158, inner=4354721594464)
TL=(5,2,2,8) TR=(2,4,4,7) BL=(2,4,4,7) BR=(7,3,3,6)
 5 2 │ 1 2 4 8 │ 2 4
 2 8 │ 1 3 1 6 │ 4 7
  ┼────────────────────────┼
 1 1 │ 0 1 2 1 │ 1 1
 2 3 │ 1 7 4 8 │ 7 6
 4 1 │ 2 4 1 9 │ 5 9
 8 6 │ 1 8 9 2 │ 2 2
  ┼────────────────────────┼
 2 4 │ 1 7 5 2 │ 7 3
 4 7 │ 1 6 9 2 │ 3 6

# Square 69  (outer=1852233919, inner=4360541228119)
TL=(5,2,2,8) TR=(7,1,6,7) BL=(7,6,1,7) BR=(1,9,9,3)
 5 2 │ 3 6 9 2 │ 7 1
 2 8 │ 1 8 7 6 │ 6 7
  ┼────────────────────────┼
 3 1 │ 0 3 4 1 │ 1 1
 6 8 │ 3 0 6 0 │ 4 5
 9 7 │ 4 6 5 6 │ 4 8
 2 6 │ 1 0 6 6 │ 4 1
  ┼────────────────────────┼
 7 6 │ 1 4 4 4 │ 1 9
 1 7 │ 1 5 8 1 │ 9 3

# Square 70  (outer=1857887129, inner=4373590272900)
TL=(5,2,2,9) TR=(7,3,8,2) BL=(7,8,3,2) BR=(5,7,7,6)
 5 2 │ 3 7 9 6 │ 7 3
 2 9 │ 2 3 7 8 │ 8 2
  ┼────────────────────────┼
 3 2 │ 1 3 4 4 │ 4 2
 7 3 │ 3 2 1 2 │ 4 4
 9 7 │ 4 1 7 1 │ 4 3
 6 8 │ 4 2 1 6 │ 6 2
  ┼────────────────────────┼
 7 8 │ 4 4 4 6 │ 5 7
 3 2 │ 2 4 3 2 │ 7 6

# Square 71  (outer=1872554883, inner=4403910508005)
TL=(5,2,3,3) TR=(4,8,8,7) BL=(9,9,9,9) BR=(5,3,2,3)
 5 2 │ 2 4 9 6 │ 4 8
 3 3 │ 2 8 7 1 │ 8 7
  ┼────────────────────────┼
 5 2 │ 1 1 4 4 │ 2 2
 2 2 │ 1 0 5 6 │ 4 8
 4 7 │ 4 5 5 9 │ 9 7
 7 7 │ 4 6 9 7 │ 6 1
  ┼────────────────────────┼
 9 9 │ 5 2 4 7 │ 5 3
 9 9 │ 2 2 7 7 │ 2 3

# Square 72  (outer=1913079191, inner=4497009070140)
TL=(5,2,4,1) TR=(5,3,3,7) BL=(4,8,8,3) BR=(5,4,2,1)
 5 2 │ 2 7 5 6 │ 5 3
 4 1 │ 1 5 1 7 │ 3 7
  ┼────────────────────────┼
 2 1 │ 0 4 4 1 │ 2 1
 5 7 │ 4 2 7 5 │ 7 5
 9 4 │ 4 7 9 4 │ 5 1
 2 3 │ 1 5 4 1 │ 6 7
  ┼────────────────────────┼
 4 8 │ 2 5 9 2 │ 5 4
 8 3 │ 1 7 4 3 │ 2 1

# Square 73  (outer=1997397217, inner=4640770541279)
TL=(5,2,5,6) TR=(2,4,4,1) BL=(2,9,9,6) BR=(5,5,2,6)
 5 2 │ 1 2 4 8 │ 2 4
 5 6 │ 2 2 9 6 │ 4 1
  ┼────────────────────────┼
 1 2 │ 0 1 4 4 │ 1 2
 5 4 │ 1 1 8 8 │ 2 2
 9 9 │ 4 8 5 1 │ 4 9
 5 6 │ 4 8 1 6 │ 8 6
  ┼────────────────────────┼
 2 9 │ 1 5 9 5 │ 5 5
 9 6 │ 2 4 9 6 │ 2 6

# Square 74  (outer=1997404391, inner=4640780010958)
TL=(5,2,5,6) TR=(2,4,4,7) BL=(2,9,9,4) BR=(5,5,2,6)
 5 2 │ 1 2 4 8 │ 2 4
 5 6 │ 2 6 3 2 │ 4 7
  ┼────────────────────────┼
 1 2 │ 0 1 4 4 │ 1 2
 5 4 │ 1 4 0 4 │ 2 6
 9 4 │ 4 0 4 2 │ 4 3
 5 4 │ 4 4 2 8 │ 8 2
  ┼────────────────────────┼
 2 9 │ 1 5 9 5 │ 5 5
 9 4 │ 2 4 4 4 │ 2 6

# Square 75  (outer=2010825263, inner=4659630692646)
TL=(5,2,5,8) TR=(2,4,4,8) BL=(2,7,7,7) BR=(5,5,2,8)
 5 2 │ 1 2 4 8 │ 2 4
 5 8 │ 2 7 8 4 │ 4 8
  ┼────────────────────────┼
 1 2 │ 0 1 4 4 │ 1 2
 4 1 │ 1 1 0 7 │ 2 7
 8 5 │ 4 0 8 0 │ 4 8
 5 6 │ 4 7 0 4 │ 8 4
  ┼────────────────────────┼
 2 7 │ 1 4 8 5 │ 5 5
 7 7 │ 2 1 5 6 │ 2 8

# Square 76  (outer=2097187085, inner=4825210201694)
TL=(5,2,7,2) TR=(6,9,9,6) BL=(5,9,9,8) BR=(5,7,2,2)
 5 2 │ 3 5 8 8 │ 6 9
 7 2 │ 6 9 1 2 │ 9 6
  ┼────────────────────────┼
 3 2 │ 1 1 5 2 │ 3 6
 3 1 │ 1 8 2 9 │ 5 9
 6 5 │ 5 2 6 5 │ 8 1
 3 6 │ 2 9 5 2 │ 8 2
  ┼────────────────────────┼
 5 9 │ 3 3 6 3 │ 5 7
 9 8 │ 2 1 5 6 │ 2 2

# Square 77  (outer=2144068690, inner=4928183017453)
TL=(5,2,7,9) TR=(4,9,9,1) BL=(7,4,4,7) BR=(5,7,2,9)
 5 2 │ 2 5 4 8 │ 4 9
 7 9 │ 7 1 8 9 │ 9 1
  ┼────────────────────────┼
 4 1 │ 1 1 0 7 │ 2 7
 2 3 │ 1 1 7 3 │ 5 1
 1 6 │ 0 7 6 8 │ 4 8
 8 3 │ 7 3 8 7 │ 8 9
  ┼────────────────────────┼
 7 4 │ 4 2 1 8 │ 5 7
 4 7 │ 1 3 6 3 │ 2 9

# Square 78  (outer=2158442879, inner=4959330326138)
TL=(5,2,8,2) TR=(4,4,4,1) BL=(9,8,8,6) BR=(5,8,2,2)
 5 2 │ 2 2 8 8 │ 4 4
 8 2 │ 3 3 6 2 │ 4 1
  ┼────────────────────────┼
 5 1 │ 1 1 7 3 │ 2 3
 6 8 │ 1 5 6 4 │ 2 3
 8 9 │ 7 6 5 4 │ 8 6
 4 2 │ 3 4 4 4 │ 8 2
  ┼────────────────────────┼
 9 8 │ 5 6 8 4 │ 5 8
 8 6 │ 1 8 9 2 │ 2 2

# Square 79  (outer=2208615244, inner=5063625568758)
TL=(5,2,8,9) TR=(5,7,7,4) BL=(6,8,8,6) BR=(5,8,2,9)
 5 2 │ 2 9 6 4 │ 5 7
 8 9 │ 6 5 8 6 │ 7 4
  ┼────────────────────────┼
 3 2 │ 0 8 3 2 │ 2 6
 9 4 │ 8 9 3 0 │ 9 5
 4 9 │ 3 3 3 2 │ 6 8
 4 4 │ 2 0 2 4 │ 4 6
  ┼────────────────────────┼
 6 8 │ 3 9 4 4 │ 5 8
 8 6 │ 2 4 9 4 │ 2 9

# Square 80  (outer=2291163714, inner=5264004547663)
TL=(5,3,1,7) TR=(9,8,8,8) BL=(9,8,8,9) BR=(5,1,3,7)
 5 3 │ 5 1 9 4 │ 9 8
 1 7 │ 1 4 9 6 │ 8 8
  ┼────────────────────────┼
 4 3 │ 2 1 9 3 │ 5 1
 9 2 │ 1 2 8 8 │ 1 4
 9 9 │ 9 8 0 1 │ 9 9
 8 3 │ 3 8 1 8 │ 4 6
  ┼────────────────────────┼
 9 8 │ 4 9 9 8 │ 5 1
 8 9 │ 3 2 9 3 │ 3 7

# Square 81  (outer=2315218618, inner=5327825076017)
TL=(5,3,2,3) TR=(9,9,9,9) BL=(4,8,8,7) BR=(5,2,3,3)
 5 3 │ 5 2 4 7 │ 9 9
 2 3 │ 2 2 7 7 │ 9 9
  ┼────────────────────────┼
 2 2 │ 1 1 4 4 │ 5 2
 4 8 │ 1 0 5 6 │ 2 2
 9 7 │ 4 5 5 9 │ 4 7
 6 1 │ 4 6 9 7 │ 7 7
  ┼────────────────────────┼
 4 8 │ 2 4 9 6 │ 5 2
 8 7 │ 2 8 7 1 │ 3 3

# Square 82  (outer=2358261009, inner=5433379120418)
TL=(5,3,3,2) TR=(7,3,4,2) BL=(7,4,3,2) BR=(9,8,8,8)
 5 3 │ 3 8 6 9 │ 7 3
 3 2 │ 1 3 4 4 │ 4 2
  ┼────────────────────────┼
 3 1 │ 2 2 3 2 │ 7 2
 8 3 │ 2 3 2 4 │ 2 8
 6 4 │ 3 2 6 4 │ 5 1
 9 4 │ 2 4 4 4 │ 2 6
  ┼────────────────────────┼
 7 4 │ 7 2 5 2 │ 9 8
 3 2 │ 2 8 1 6 │ 8 8

# Square 83  (outer=2373165581, inner=5473094090488)
TL=(5,3,3,4) TR=(9,3,8,2) BL=(9,8,3,2) BR=(3,4,4,8)
 5 3 │ 4 9 2 9 │ 9 3
 3 4 │ 2 7 8 8 │ 8 2
  ┼────────────────────────┼
 4 2 │ 1 3 0 2 │ 3 1
 9 7 │ 3 3 9 5 │ 3 5
 2 8 │ 0 9 2 4 │ 3 3
 9 8 │ 2 5 4 8 │ 2 6
  ┼────────────────────────┼
 9 8 │ 3 3 3 2 │ 3 4
 3 2 │ 1 5 3 6 │ 4 8

# Square 84  (outer=2383714508, inner=5497271875443)
TL=(5,3,3,6) TR=(8,9,4,4) BL=(8,4,9,4) BR=(6,4,4,8)
 5 3 │ 4 7 1 7 │ 8 9
 3 6 │ 1 5 8 4 │ 4 4
  ┼────────────────────────┼
 4 1 │ 2 2 1 4 │ 5 4
 7 5 │ 2 6 2 5 │ 3 5
 1 8 │ 1 2 7 8 │ 7 1
 7 4 │ 4 5 8 8 │ 6 2
  ┼────────────────────────┼
 8 4 │ 5 3 7 6 │ 6 4
 9 4 │ 4 5 1 2 │ 4 8

# Square 85  (outer=2384779837, inner=5500131153713)
TL=(5,3,3,7) TR=(2,2,4,1) BL=(2,4,2,1) BR=(6,8,8,3)
 5 3 │ 1 1 6 6 │ 2 2
 3 7 │ 1 5 1 7 │ 4 1
  ┼────────────────────────┼
 1 1 │ 0 1 2 1 │ 1 1
 1 5 │ 1 0 0 5 │ 6 7
 6 1 │ 2 0 7 4 │ 3 4
 6 7 │ 1 5 4 1 │ 2 3
  ┼────────────────────────┼
 2 4 │ 1 6 3 2 │ 6 8
 2 1 │ 1 7 4 3 │ 8 3

# Square 86  (outer=2387290837, inner=5507704330857)
TL=(5,3,3,7) TR=(5,2,4,1) BL=(5,4,2,1) BR=(4,8,8,3)
 5 3 │ 2 7 5 6 │ 5 2
 3 7 │ 1 5 1 7 │ 4 1
  ┼────────────────────────┼
 2 1 │ 0 4 4 1 │ 2 1
 7 5 │ 4 2 7 5 │ 5 7
 5 1 │ 4 7 9 4 │ 9 4
 6 7 │ 1 5 4 1 │ 2 3
  ┼────────────────────────┼
 5 4 │ 2 5 9 2 │ 4 8
 2 1 │ 1 7 4 3 │ 8 3

# Square 87  (outer=2389842743, inner=5515400880329)
TL=(5,3,3,7) TR=(7,8,9,6) BL=(7,9,8,6) BR=(5,8,8,4)
 5 3 │ 4 1 3 4 │ 7 8
 3 7 │ 3 5 5 2 │ 9 6
  ┼────────────────────────┼
 4 3 │ 2 0 2 1 │ 4 7
 1 5 │ 0 7 8 0 │ 5 2
 3 5 │ 2 8 7 0 │ 8 2
 4 2 │ 1 0 0 8 │ 2 4
  ┼────────────────────────┼
 7 9 │ 4 5 8 2 │ 5 8
 8 6 │ 7 2 2 4 │ 8 4

# Square 88  (outer=2396349905, inner=5534049055247)
TL=(5,3,3,8) TR=(7,2,4,4) BL=(7,4,2,4) BR=(9,8,8,1)
 5 3 │ 3 8 1 6 │ 7 2
 3 8 │ 1 6 7 2 │ 4 4
  ┼────────────────────────┼
 3 1 │ 2 2 0 1 │ 7 1
 8 6 │ 2 4 9 4 │ 2 9
 1 7 │ 0 9 1 8 │ 5 4
 6 2 │ 1 4 8 8 │ 2 4
  ┼────────────────────────┼
 7 4 │ 7 2 5 2 │ 9 8
 2 4 │ 1 9 4 4 │ 8 1

# Square 89  (outer=2398529499, inner=5540117045735)
TL=(5,3,3,8) TR=(9,3,8,2) BL=(9,8,3,2) BR=(1,7,7,3)
 5 3 │ 4 9 2 9 │ 9 3
 3 8 │ 3 1 1 6 │ 8 2
  ┼────────────────────────┼
 4 3 │ 0 5 1 6 │ 1 2
 9 1 │ 5 7 3 3 │ 6 3
 2 1 │ 1 3 2 3 │ 6 3
 9 6 │ 6 3 3 6 │ 6 6
  ┼────────────────────────┼
 9 8 │ 1 6 6 6 │ 1 7
 3 2 │ 2 3 3 6 │ 7 3

# Square 90  (outer=2459717682, inner=5692725107305)
TL=(5,3,4,8) TR=(7,8,8,9) BL=(4,9,9,1) BR=(5,4,3,8)
 5 3 │ 4 1 3 4 │ 7 8
 4 8 │ 4 2 7 2 │ 8 9
  ┼────────────────────────┼
 2 3 │ 1 0 1 2 │ 4 4
 6 4 │ 0 7 6 8 │ 1 2
 4 5 │ 1 6 6 5 │ 3 7
 6 8 │ 2 8 5 6 │ 4 2
  ┼────────────────────────┼
 4 9 │ 2 6 4 6 │ 5 4
 9 1 │ 3 4 5 8 │ 3 8

# Square 91  (outer=2461972602, inner=5698461623566)
TL=(5,3,4,8) TR=(9,9,9,9) BL=(4,4,4,8) BR=(5,4,3,8)
 5 3 │ 5 2 4 7 │ 9 9
 4 8 │ 4 7 5 2 │ 9 9
  ┼────────────────────────┼
 2 1 │ 1 1 3 4 │ 5 4
 3 8 │ 1 0 2 6 │ 2 7
 7 2 │ 3 2 4 0 │ 4 5
 6 4 │ 4 6 0 8 │ 7 2
  ┼────────────────────────┼
 4 4 │ 2 3 7 6 │ 5 4
 4 8 │ 1 8 2 4 │ 3 8

# Square 92  (outer=2483361065, inner=5740390914624)
TL=(5,3,5,2) TR=(7,5,5,1) BL=(2,5,5,7) BR=(5,5,3,2)
 5 3 │ 3 9 7 5 │ 7 5
 5 2 │ 2 6 5 2 │ 5 1
  ┼────────────────────────┼
 1 1 │ 0 3 5 2 │ 3 2
 3 8 │ 3 6 4 8 │ 9 6
 7 2 │ 5 4 0 0 │ 7 5
 5 4 │ 2 8 0 8 │ 5 2
  ┼────────────────────────┼
 2 5 │ 1 3 7 5 │ 5 5
 5 7 │ 1 8 2 4 │ 3 2

# Square 93  (outer=2499325821, inner=5764547391843)
TL=(5,3,5,4) TR=(7,8,8,4) BL=(3,9,9,4) BR=(5,5,3,4)
 5 3 │ 4 1 3 4 │ 7 8
 5 4 │ 4 5 3 6 │ 8 4
  ┼────────────────────────┼
 2 3 │ 1 0 1 2 │ 4 4
 1 1 │ 0 1 6 5 │ 1 5
 4 9 │ 1 6 1 7 │ 3 3
 5 6 │ 2 5 7 6 │ 4 6
  ┼────────────────────────┼
 3 9 │ 2 1 4 5 │ 5 5
 9 4 │ 3 1 9 6 │ 3 4

# Square 94  (outer=2511541877, inner=5780576442102)
TL=(5,3,5,6) TR=(7,8,8,8) BL=(3,9,9,3) BR=(5,5,3,6)
 5 3 │ 4 1 3 4 │ 7 8
 5 6 │ 4 9 2 8 │ 8 8
  ┼────────────────────────┼
 2 3 │ 1 0 1 2 │ 4 4
 1 3 │ 0 2 4 7 │ 1 9
 4 4 │ 1 4 0 8 │ 3 2
 5 8 │ 2 7 8 4 │ 4 8
  ┼────────────────────────┼
 3 9 │ 2 1 4 5 │ 5 5
 9 3 │ 3 3 4 8 │ 3 6

# Square 95  (outer=2608288002, inner=5994943216279)
TL=(5,3,7,1) TR=(2,2,2,8) BL=(2,9,9,3) BR=(5,7,3,1)
 5 3 │ 1 1 6 6 │ 2 2
 7 1 │ 1 9 8 8 │ 2 8
  ┼────────────────────────┼
 1 2 │ 0 1 3 2 │ 1 1
 6 8 │ 1 2 9 2 │ 1 9
 5 8 │ 3 9 4 4 │ 6 8
 3 3 │ 2 2 4 4 │ 6 8
  ┼────────────────────────┼
 2 9 │ 1 6 5 3 │ 5 7
 9 3 │ 2 8 8 3 │ 3 1

# Square 96  (outer=2743838812, inner=6341248041002)
TL=(5,3,8,8) TR=(8,2,2,8) BL=(9,3,3,9) BR=(5,8,3,8)
 5 3 │ 4 3 4 6 │ 8 2
 8 8 │ 2 4 6 4 │ 2 8
  ┼────────────────────────┼
 5 1 │ 2 1 4 2 │ 4 2
 3 4 │ 1 1 5 6 │ 3 4
 9 8 │ 4 5 0 8 │ 4 6
 4 2 │ 2 6 8 8 │ 6 4
  ┼────────────────────────┼
 9 3 │ 5 3 9 4 │ 5 8
 3 9 │ 1 4 8 2 │ 3 8

# Square 97  (outer=2747866999, inner=6352139167912)
TL=(5,3,8,9) TR=(4,1,1,5) BL=(9,3,3,3) BR=(5,8,3,9)
 5 3 │ 2 1 7 3 │ 4 1
 8 9 │ 1 3 3 5 │ 1 5
  ┼────────────────────────┼
 5 1 │ 1 0 7 1 │ 2 1
 3 2 │ 0 4 1 6 │ 1 3
 9 8 │ 7 1 5 4 │ 7 3
 4 7 │ 1 6 4 5 │ 3 5
  ┼────────────────────────┼
 9 3 │ 5 3 9 4 │ 5 8
 3 3 │ 1 2 8 7 │ 3 9

# Square 98  (outer=2851357032, inner=6650190629422)
TL=(5,4,2,1) TR=(4,8,8,3) BL=(5,3,3,7) BR=(5,2,4,1)
 5 4 │ 2 5 9 2 │ 4 8
 2 1 │ 1 7 4 3 │ 8 3
  ┼────────────────────────┼
 2 1 │ 0 4 4 1 │ 2 1
 7 5 │ 4 2 7 5 │ 5 7
 5 1 │ 4 7 9 4 │ 9 4
 6 7 │ 1 5 4 1 │ 2 3
  ┼────────────────────────┼
 5 3 │ 2 7 5 6 │ 5 2
 3 7 │ 1 5 1 7 │ 4 1

# Square 99  (outer=2934144402, inner=6876300033938)
TL=(5,4,3,8) TR=(4,4,4,8) BL=(9,9,9,9) BR=(5,3,4,8)
 5 4 │ 2 3 7 6 │ 4 4
 3 8 │ 1 8 2 4 │ 4 8
  ┼────────────────────────┼
 5 4 │ 1 1 3 4 │ 2 1
 2 7 │ 1 0 2 6 │ 3 8
 4 5 │ 3 2 4 0 │ 7 2
 7 2 │ 4 6 0 8 │ 6 4
  ┼────────────────────────┼
 9 9 │ 5 2 4 7 │ 5 3
 9 9 │ 4 7 5 2 │ 4 8

# Square 100  (outer=2934778583, inner=6878139158032)
TL=(5,4,3,8) TR=(4,9,9,1) BL=(7,8,8,9) BR=(5,3,4,8)
 5 4 │ 2 6 4 6 │ 4 9
 3 8 │ 3 4 5 8 │ 9 1
  ┼────────────────────────┼
 4 4 │ 1 0 1 2 │ 2 3
 1 2 │ 0 7 6 8 │ 6 4
 3 7 │ 1 6 6 5 │ 4 5
 4 2 │ 2 8 5 6 │ 6 8
  ┼────────────────────────┼
 7 8 │ 4 1 3 4 │ 5 3
 8 9 │ 4 2 7 2 │ 4 8

# Square 101  (outer=2945813978, inner=6912487572613)
TL=(5,4,4,1) TR=(2,2,6,7) BL=(2,6,2,7) BR=(6,7,7,1)
 5 4 │ 1 1 8 8 │ 2 2
 4 1 │ 2 7 4 7 │ 6 7
  ┼────────────────────────┼
 1 2 │ 0 1 3 2 │ 1 1
 1 7 │ 1 3 4 3 │ 7 9
 8 4 │ 3 4 4 4 │ 4 1
 8 7 │ 2 3 4 9 │ 2 7
  ┼────────────────────────┼
 2 6 │ 1 7 4 2 │ 6 7
 2 7 │ 1 9 1 7 │ 7 1

# Square 102  (outer=2946018208, inner=6913072078989)
TL=(5,4,4,1) TR=(2,4,7,8) BL=(2,7,4,8) BR=(7,2,2,6)
 5 4 │ 1 2 9 6 │ 2 4
 4 1 │ 3 1 9 8 │ 7 8
  ┼────────────────────────┼
 1 3 │ 0 1 4 3 │ 1 1
 2 1 │ 1 9 3 2 │ 9 2
 9 9 │ 4 3 5 6 │ 4 4
 6 8 │ 3 2 6 4 │ 4 8
  ┼────────────────────────┼
 2 7 │ 1 9 4 4 │ 7 2
 4 8 │ 1 2 4 8 │ 2 6

# Square 103  (outer=2953575494, inner=6934303296887)
TL=(5,4,4,2) TR=(3,7,3,3) BL=(3,3,7,3) BR=(3,5,5,8)
 5 4 │ 1 9 9 8 │ 3 7
 4 2 │ 1 3 8 6 │ 3 3
  ┼────────────────────────┼
 1 1 │ 0 1 5 4 │ 1 4
 9 3 │ 1 1 1 6 │ 1 2
 9 8 │ 5 1 9 4 │ 5 3
 8 6 │ 4 6 4 4 │ 5 4
  ┼────────────────────────┼
 3 3 │ 1 1 5 5 │ 3 5
 7 3 │ 4 2 3 4 │ 5 8

# Square 104  (outer=2975775904, inner=6990072629339)
TL=(5,4,4,5) TR=(9,9,2,5) BL=(9,2,9,5) BR=(7,1,1,7)
 5 4 │ 5 3 4 6 │ 9 9
 4 5 │ 1 1 2 5 │ 2 5
  ┼────────────────────────┼
 5 1 │ 3 1 1 1 │ 6 1
 3 1 │ 1 7 3 6 │ 5 6
 4 2 │ 1 3 0 2 │ 3 1
 6 5 │ 1 6 2 5 │ 2 5
  ┼────────────────────────┼
 9 2 │ 6 5 3 2 │ 7 1
 9 5 │ 1 6 1 5 │ 1 7

# Square 105  (outer=2977416883, inner=6994240716069)
TL=(5,4,4,6) TR=(4,4,6,2) BL=(4,6,4,2) BR=(3,4,4,1)
 5 4 │ 2 3 7 6 │ 4 4
 4 6 │ 2 8 5 2 │ 6 2
  ┼────────────────────────┼
 2 2 │ 0 2 4 2 │ 1 1
 3 8 │ 2 1 6 6 │ 5 7
 7 5 │ 4 6 5 0 │ 6 2
 6 2 │ 2 6 0 4 │ 4 2
  ┼────────────────────────┼
 4 6 │ 1 5 6 4 │ 3 4
 4 2 │ 1 7 2 2 │ 4 1

# Square 106  (outer=2982236195, inner=7006760029766)
TL=(5,4,4,7) TR=(2,1,3,9) BL=(2,3,1,9) BR=(6,8,8,6)
 5 4 │ 1 1 3 4 │ 2 1
 4 7 │ 1 8 3 3 │ 3 9
  ┼────────────────────────┼
 1 1 │ 0 1 2 1 │ 1 1
 1 8 │ 1 0 0 8 │ 5 6
 3 3 │ 2 0 7 9 │ 6 3
 4 3 │ 1 8 9 2 │ 4 4
  ┼────────────────────────┼
 2 3 │ 1 5 6 4 │ 6 8
 1 9 │ 1 6 3 4 │ 8 6

# Square 107  (outer=2983988765, inner=7011961658464)
TL=(5,4,4,7) TR=(4,4,9,9) BL=(4,9,4,9) BR=(3,7,7,1)
 5 4 │ 2 3 7 6 │ 4 4
 4 7 │ 4 6 5 3 │ 9 9
  ┼────────────────────────┼
 2 4 │ 0 3 1 2 │ 1 3
 3 6 │ 3 0 2 4 │ 8 4
 7 5 │ 1 2 7 5 │ 1 7
 6 3 │ 2 4 5 7 │ 3 9
  ┼────────────────────────┼
 4 9 │ 1 8 1 3 │ 3 7
 4 9 │ 3 4 7 9 │ 7 1

# Square 108  (outer=2985581720, inner=7016689549575)
TL=(5,4,4,7) TR=(6,4,9,7) BL=(6,9,4,7) BR=(4,7,7,1)
 5 4 │ 3 4 5 6 │ 6 4
 4 7 │ 4 5 5 9 │ 9 7
  ┼────────────────────────┼
 3 4 │ 1 1 2 2 │ 3 3
 4 5 │ 1 0 3 5 │ 2 3
 5 5 │ 2 3 6 5 │ 4 3
 6 9 │ 2 5 5 3 │ 3 7
  ┼────────────────────────┼
 6 9 │ 3 2 4 3 │ 4 7
 4 7 │ 3 3 3 7 │ 7 1

# Square 109  (outer=2990790293, inner=7031636481798)
TL=(5,4,4,8) TR=(4,4,7,6) BL=(4,7,4,6) BR=(3,9,9,6)
 5 4 │ 2 3 7 6 │ 4 4
 4 8 │ 3 6 4 8 │ 7 6
  ┼────────────────────────┼
 2 3 │ 0 3 2 2 │ 1 4
 3 6 │ 3 0 2 4 │ 8 4
 7 4 │ 2 2 9 4 │ 3 1
 6 8 │ 2 4 4 8 │ 3 6
  ┼────────────────────────┼
 4 7 │ 1 8 3 3 │ 3 9
 4 6 │ 4 4 1 6 │ 9 6

# Square 110  (outer=3025511470, inner=7104605669630)
TL=(5,4,5,4) TR=(3,3,3,3) BL=(8,3,3,1) BR=(5,5,4,4)
 5 4 │ 1 7 8 2 │ 3 3
 5 4 │ 1 7 8 2 │ 3 3
  ┼────────────────────────┼
 4 1 │ 0 4 5 1 │ 1 1
 5 3 │ 4 0 8 1 │ 7 7
 6 6 │ 5 8 0 8 │ 8 8
 5 4 │ 1 1 8 8 │ 2 2
  ┼────────────────────────┼
 8 3 │ 4 5 6 5 │ 5 5
 3 1 │ 1 3 6 4 │ 4 4

# Square 111  (outer=3050650155, inner=7144451273218)
TL=(5,4,5,8) TR=(3,3,3,2) BL=(8,3,3,8) BR=(5,5,4,8)
 5 4 │ 1 7 8 2 │ 3 3
 5 8 │ 1 8 5 6 │ 3 2
  ┼────────────────────────┼
 4 1 │ 0 4 5 1 │ 1 1
 5 8 │ 4 5 2 4 │ 7 8
 6 2 │ 5 2 7 0 │ 8 5
 5 4 │ 1 4 0 4 │ 2 6
  ┼────────────────────────┼
 8 3 │ 4 5 6 5 │ 5 5
 3 8 │ 1 8 2 4 │ 4 8

# Square 112  (outer=3113524902, inner=7296430742727)
TL=(5,4,6,8) TR=(4,1,1,7) BL=(9,8,8,2) BR=(5,6,4,8)
 5 4 │ 2 2 1 4 │ 4 1
 6 8 │ 1 1 5 6 │ 1 7
  ┼────────────────────────┼
 5 3 │ 1 1 1 3 │ 2 1
 4 9 │ 1 0 2 9 │ 2 1
 8 3 │ 1 2 4 5 │ 1 5
 8 6 │ 3 9 5 6 │ 4 6
  ┼────────────────────────┼
 9 8 │ 5 4 8 8 │ 5 6
 8 2 │ 3 9 3 6 │ 4 8

# Square 113  (outer=3156613420, inner=7420550199515)
TL=(5,4,7,4) TR=(8,6,6,3) BL=(9,8,8,3) BR=(5,7,4,4)
 5 4 │ 4 6 4 4 │ 8 6
 7 4 │ 4 6 6 2 │ 6 3
  ┼────────────────────────┼
 5 3 │ 2 3 3 2 │ 4 4
 5 6 │ 3 6 9 6 │ 6 6
 8 5 │ 3 9 1 0 │ 4 6
 6 2 │ 2 6 0 4 │ 4 2
  ┼────────────────────────┼
 9 8 │ 5 5 8 6 │ 5 7
 8 3 │ 3 6 5 2 │ 4 4

# Square 114  (outer=3201933979, inner=7549888589053)
TL=(5,4,8,2) TR=(2,1,1,8) BL=(3,4,4,4) BR=(5,8,4,2)
 5 4 │ 1 1 3 4 │ 2 1
 8 2 │ 1 4 7 6 │ 1 8
  ┼────────────────────────┼
 1 1 │ 0 1 2 1 │ 1 1
 9 8 │ 1 3 7 2 │ 1 4
 7 4 │ 2 7 3 8 │ 3 7
 2 8 │ 1 2 8 8 │ 4 6
  ┼────────────────────────┼
 3 4 │ 1 9 7 2 │ 5 8
 4 4 │ 1 8 4 8 │ 4 2

# Square 115  (outer=3205143272, inner=7558033776238)
TL=(5,4,8,2) TR=(6,1,1,8) BL=(8,4,4,4) BR=(5,8,4,2)
 5 4 │ 3 2 9 4 │ 6 1
 8 2 │ 1 4 7 6 │ 1 8
  ┼────────────────────────┼
 4 1 │ 1 2 7 1 │ 3 1
 8 8 │ 2 1 1 2 │ 2 4
 7 4 │ 7 1 7 8 │ 9 7
 2 8 │ 1 2 8 8 │ 4 6
  ┼────────────────────────┼
 8 4 │ 4 8 7 2 │ 5 8
 4 4 │ 1 8 4 8 │ 4 2

# Square 116  (outer=3294149944, inner=7809328214992)
TL=(5,4,9,5) TR=(7,1,1,7) BL=(7,5,5,5) BR=(5,9,4,5)
 5 4 │ 3 8 3 4 │ 7 1
 9 5 │ 1 6 1 5 │ 1 7
  ┼────────────────────────┼
 4 2 │ 1 3 0 2 │ 3 1
 4 4 │ 3 7 8 4 │ 8 6
 2 7 │ 0 8 3 7 │ 3 1
 5 5 │ 2 4 7 5 │ 4 5
  ┼────────────────────────┼
 7 5 │ 4 4 2 5 │ 5 9
 5 5 │ 2 4 7 5 │ 4 5

# Square 117  (outer=3328718719, inner=7917211172897)
TL=(5,5,1,4) TR=(4,9,9,1) BL=(2,7,7,3) BR=(5,1,5,4)
 5 5 │ 2 6 9 5 │ 4 9
 1 4 │ 1 2 7 4 │ 9 1
  ┼────────────────────────┼
 1 3 │ 0 2 7 3 │ 2 1
 3 9 │ 2 4 1 8 │ 6 2
 7 4 │ 7 1 7 8 │ 9 7
 7 2 │ 3 8 8 8 │ 5 4
  ┼────────────────────────┼
 2 7 │ 1 3 7 7 │ 5 1
 7 3 │ 3 9 4 2 │ 5 4

# Square 118  (outer=3329055349, inner=7918335182958)
TL=(5,5,1,4) TR=(6,9,9,1) BL=(8,7,7,3) BR=(5,1,5,4)
 5 5 │ 3 7 9 5 │ 6 9
 1 4 │ 1 2 7 4 │ 9 1
  ┼────────────────────────┼
 4 3 │ 1 3 3 3 │ 3 1
 4 9 │ 3 5 2 8 │ 7 2
 3 4 │ 3 2 9 8 │ 9 7
 7 2 │ 3 8 8 8 │ 5 4
  ┼────────────────────────┼
 8 7 │ 4 4 3 7 │ 5 1
 7 3 │ 3 9 4 2 │ 5 4

# Square 119  (outer=3333962587, inner=7933497111159)
TL=(5,5,1,7) TR=(5,9,9,8) BL=(6,6,6,7) BR=(5,1,5,7)
 5 5 │ 3 2 4 5 │ 5 9
 1 7 │ 1 6 6 6 │ 9 8
  ┼────────────────────────┼
 3 3 │ 1 0 2 3 │ 3 1
 3 8 │ 0 9 8 8 │ 2 6
 6 1 │ 2 8 0 6 │ 4 6
 6 9 │ 3 8 6 4 │ 5 6
  ┼────────────────────────┼
 6 6 │ 3 3 6 6 │ 5 1
 6 7 │ 3 8 1 9 │ 5 7

# Square 120  (outer=3355292538, inner=7997287402650)
TL=(5,5,2,6) TR=(2,9,9,4) BL=(2,4,4,7) BR=(5,2,5,6)
 5 5 │ 1 5 9 5 │ 2 9
 2 6 │ 2 4 4 4 │ 9 4
  ┼────────────────────────┼
 1 2 │ 0 1 4 4 │ 1 2
 2 6 │ 1 4 0 4 │ 5 4
 4 3 │ 4 0 4 2 │ 9 4
 8 2 │ 4 4 2 8 │ 5 4
  ┼────────────────────────┼
 2 4 │ 1 2 4 8 │ 5 2
 4 7 │ 2 6 3 2 │ 5 6

# Square 121  (outer=3355295261, inner=7997294624042)
TL=(5,5,2,6) TR=(2,9,9,6) BL=(2,4,4,1) BR=(5,2,5,6)
 5 5 │ 1 5 9 5 │ 2 9
 2 6 │ 2 4 9 6 │ 9 6
  ┼────────────────────────┼
 1 2 │ 0 1 4 4 │ 1 2
 2 2 │ 1 1 8 8 │ 5 4
 4 9 │ 4 8 5 1 │ 9 9
 8 6 │ 4 8 1 6 │ 5 6
  ┼────────────────────────┼
 2 4 │ 1 2 4 8 │ 5 2
 4 1 │ 2 2 9 6 │ 5 6

# Square 122  (outer=3362264009, inner=8016732413427)
TL=(5,5,2,8) TR=(2,7,7,7) BL=(2,4,4,8) BR=(5,2,5,8)
 5 5 │ 1 4 8 5 │ 2 7
 2 8 │ 2 1 5 6 │ 7 7
  ┼────────────────────────┼
 1 2 │ 0 1 4 4 │ 1 2
 2 7 │ 1 1 0 7 │ 4 1
 4 8 │ 4 0 8 0 │ 8 5
 8 4 │ 4 7 0 4 │ 5 6
  ┼────────────────────────┼
 2 4 │ 1 2 4 8 │ 5 2
 4 8 │ 2 7 8 4 │ 5 8

# Square 123  (outer=3373312420, inner=8051812843264)
TL=(5,5,3,2) TR=(2,5,5,7) BL=(7,5,5,1) BR=(5,3,5,2)
 5 5 │ 1 3 7 5 │ 2 5
 3 2 │ 1 8 2 4 │ 5 7
  ┼────────────────────────┼
 3 2 │ 0 3 5 2 │ 1 1
 9 6 │ 3 6 4 8 │ 3 8
 7 5 │ 5 4 0 0 │ 7 2
 5 2 │ 2 8 0 8 │ 5 4
  ┼────────────────────────┼
 7 5 │ 3 9 7 5 │ 5 3
 5 1 │ 2 6 5 2 │ 5 2

# Square 124  (outer=3381340700, inner=8077152969180)
TL=(5,5,3,4) TR=(3,9,9,4) BL=(7,8,8,4) BR=(5,3,5,4)
 5 5 │ 2 1 4 5 │ 3 9
 3 4 │ 3 1 9 6 │ 9 4
  ┼────────────────────────┼
 4 4 │ 1 0 1 2 │ 2 3
 1 5 │ 0 1 6 5 │ 1 1
 3 3 │ 1 6 1 7 │ 4 9
 4 6 │ 2 5 7 6 │ 5 6
  ┼────────────────────────┼
 7 8 │ 4 1 3 4 │ 5 3
 8 4 │ 4 5 3 6 │ 5 4

# Square 125  (outer=3387904619, inner=8094474218944)
TL=(5,5,3,6) TR=(3,9,9,3) BL=(7,8,8,8) BR=(5,3,5,6)
 5 5 │ 2 1 4 5 │ 3 9
 3 6 │ 3 3 4 8 │ 9 3
  ┼────────────────────────┼
 4 4 │ 1 0 1 2 │ 2 3
 1 9 │ 0 2 4 7 │ 1 3
 3 2 │ 1 4 0 8 │ 4 4
 4 8 │ 2 7 8 4 │ 5 8
  ┼────────────────────────┼
 7 8 │ 4 1 3 4 │ 5 3
 8 8 │ 4 9 2 8 │ 5 6

# Square 126  (outer=3420469557, inner=8196361557681)
TL=(5,5,4,4) TR=(8,3,3,1) BL=(3,3,3,3) BR=(5,4,5,4)
 5 5 │ 4 5 6 5 │ 8 3
 4 4 │ 1 3 6 4 │ 3 1
  ┼────────────────────────┼
 1 1 │ 0 4 5 1 │ 4 1
 7 7 │ 4 0 8 1 │ 5 3
 8 8 │ 5 8 0 8 │ 6 6
 2 2 │ 1 1 8 8 │ 5 4
  ┼────────────────────────┼
 3 3 │ 1 7 8 2 │ 5 4
 3 3 │ 1 7 8 2 │ 5 4

# Square 127  (outer=3436127928, inner=8238565658771)
TL=(5,5,4,8) TR=(8,3,3,8) BL=(3,3,3,2) BR=(5,4,5,8)
 5 5 │ 4 5 6 5 │ 8 3
 4 8 │ 1 8 2 4 │ 3 8
  ┼────────────────────────┼
 1 1 │ 0 4 5 1 │ 4 1
 7 8 │ 4 5 2 4 │ 5 8
 8 5 │ 5 2 7 0 │ 6 2
 2 6 │ 1 4 0 4 │ 5 4
  ┼────────────────────────┼
 3 3 │ 1 7 8 2 │ 5 4
 3 2 │ 1 8 5 6 │ 5 8

# DONE: found=127  outer=3441938793  inner=8256656820422  time=146657s
