# Searching TL indices [2184, 2730)
# Square 1  (outer=17959944, inner=57224811292)
TL=(3,9,9,9) TR=(4,5,1,7) BL=(4,1,5,7) BR=(5,6,6,6)
 3 9 │ 1 7 5 5 │ 4 5
 9 9 │ 1 6 8 3 │ 1 7
  ┼────────────────────────┼
 1 1 │ 0 2 5 3 │ 2 3
 7 6 │ 2 0 5 2 │ 2 7
 5 8 │ 5 5 6 8 │ 9 6
 5 3 │ 3 2 8 6 │ 6 2
  ┼────────────────────────┼
 4 1 │ 2 2 9 6 │ 5 6
 5 7 │ 3 7 6 2 │ 6 6

# Square 2  (outer=29302513, inner=83207875158)
TL=(4,1,1,4) TR=(8,4,8,4) BL=(8,8,4,4) BR=(3,7,7,2)
 4 1 │ 3 4 4 4 │ 8 4
 1 4 │ 1 1 7 6 │ 8 4
  ┼────────────────────────┼
 3 1 │ 1 0 2 3 │ 3 3
 4 1 │ 0 8 6 1 │ 2 1
 4 7 │ 2 6 3 2 │ 5 6
 4 6 │ 3 1 2 8 │ 6 8
  ┼────────────────────────┼
 8 8 │ 3 2 5 6 │ 3 7
 4 4 │ 3 1 6 8 │ 7 2

# Square 3  (outer=30386629, inner=83965398141)
TL=(4,1,1,5) TR=(5,3,8,9) BL=(5,8,3,9) BR=(9,3,3,3)
 4 1 │ 2 1 7 3 │ 5 3
 1 5 │ 1 3 3 5 │ 8 9
  ┼────────────────────────┼
 2 1 │ 1 0 7 1 │ 5 1
 1 3 │ 0 4 1 6 │ 3 2
 7 3 │ 7 1 5 4 │ 9 8
 3 5 │ 1 6 4 5 │ 4 7
  ┼────────────────────────┼
 5 8 │ 5 3 9 4 │ 9 3
 3 9 │ 1 2 8 7 │ 3 3

# Square 4  (outer=31424425, inner=84637890306)
TL=(4,1,1,5) TR=(9,3,8,1) BL=(9,8,3,1) BR=(7,4,4,9)
 4 1 │ 3 8 1 3 │ 9 3
 1 5 │ 1 2 1 5 │ 8 1
  ┼────────────────────────┼
 3 1 │ 2 2 0 1 │ 7 1
 8 2 │ 2 0 5 0 │ 2 5
 1 1 │ 0 5 6 1 │ 5 1
 3 5 │ 1 0 1 5 │ 2 9
  ┼────────────────────────┼
 9 8 │ 7 2 5 2 │ 7 4
 3 1 │ 1 5 1 9 │ 4 9

# Square 5  (outer=35920936, inner=90204223369)
TL=(4,1,1,7) TR=(4,2,9,3) BL=(4,9,2,3) BR=(2,6,6,3)
 4 1 │ 1 7 2 2 │ 4 2
 1 7 │ 1 5 8 1 │ 9 3
  ┼────────────────────────┼
 1 1 │ 0 1 2 1 │ 1 1
 7 5 │ 1 8 0 0 │ 2 4
 2 8 │ 2 0 7 2 │ 7 4
 2 1 │ 1 0 2 9 │ 4 9
  ┼────────────────────────┼
 4 9 │ 1 2 7 4 │ 2 6
 2 3 │ 1 4 4 9 │ 6 3

# Square 6  (outer=36495999, inner=91104772239)
TL=(4,1,1,7) TR=(5,4,6,8) BL=(5,6,4,8) BR=(9,8,8,2)
 4 1 │ 2 2 1 4 │ 5 4
 1 7 │ 1 1 5 6 │ 6 8
  ┼────────────────────────┼
 2 1 │ 1 1 1 3 │ 5 3
 2 1 │ 1 0 2 9 │ 4 9
 1 5 │ 1 2 4 5 │ 8 3
 4 6 │ 3 9 5 6 │ 8 6
  ┼────────────────────────┼
 5 6 │ 5 4 8 8 │ 9 8
 4 8 │ 3 9 3 6 │ 8 2

# Square 7  (outer=37842116, inner=93212791924)
TL=(4,1,1,7) TR=(7,6,6,7) BL=(7,6,6,7) BR=(8,8,8,3)
 4 1 │ 3 1 1 6 │ 7 6
 1 7 │ 1 1 3 9 │ 6 7
  ┼────────────────────────┼
 3 1 │ 2 0 1 5 │ 6 5
 1 1 │ 0 7 1 5 │ 6 5
 1 3 │ 1 1 1 8 │ 8 6
 6 9 │ 5 5 8 9 │ 8 1
  ┼────────────────────────┼
 7 6 │ 6 6 8 8 │ 8 8
 6 7 │ 5 5 6 1 │ 8 3

# Square 8  (outer=38040826, inner=93523971843)
TL=(4,1,1,7) TR=(7,8,6,8) BL=(7,6,8,8) BR=(4,6,6,3)
 4 1 │ 3 1 9 8 │ 7 8
 1 7 │ 1 1 5 6 │ 6 8
  ┼────────────────────────┼
 3 1 │ 1 0 8 5 │ 3 5
 1 1 │ 0 4 9 5 │ 4 5
 9 5 │ 8 9 3 0 │ 9 4
 8 6 │ 5 5 0 4 │ 6 4
  ┼────────────────────────┼
 7 6 │ 3 4 9 6 │ 4 6
 8 8 │ 5 5 4 4 │ 6 3

# Square 9  (outer=38867585, inner=94818676731)
TL=(4,1,1,7) TR=(9,2,7,4) BL=(9,7,2,4) BR=(1,5,5,3)
 4 1 │ 3 7 7 2 │ 9 2
 1 7 │ 1 2 5 8 │ 7 4
  ┼────────────────────────┼
 3 1 │ 0 3 4 1 │ 1 1
 7 2 │ 3 0 2 4 │ 4 2
 7 5 │ 4 2 7 5 │ 5 7
 2 8 │ 1 4 5 6 │ 5 2
  ┼────────────────────────┼
 9 7 │ 1 4 5 5 │ 1 5
 2 4 │ 1 2 7 2 │ 5 3

# Square 10  (outer=42225255, inner=99922866963)
TL=(4,1,1,8) TR=(7,7,6,4) BL=(7,6,7,4) BR=(4,6,6,4)
 4 1 │ 3 1 5 7 │ 7 7
 1 8 │ 1 1 5 2 │ 6 4
  ┼────────────────────────┼
 3 1 │ 1 0 5 4 │ 3 4
 1 1 │ 0 5 1 7 │ 4 7
 5 5 │ 5 1 1 5 │ 9 3
 7 2 │ 4 7 5 2 │ 6 6
  ┼────────────────────────┼
 7 6 │ 3 4 9 6 │ 4 6
 7 4 │ 4 7 3 6 │ 6 4

# Square 11  (outer=42350664, inner=100112485406)
TL=(4,1,1,8) TR=(7,8,7,4) BL=(7,7,8,4) BR=(4,5,5,4)
 4 1 │ 3 1 9 8 │ 7 8
 1 8 │ 1 3 3 2 │ 7 4
  ┼────────────────────────┼
 3 1 │ 1 0 5 4 │ 3 4
 1 3 │ 0 5 8 5 │ 4 5
 9 3 │ 5 8 5 9 │ 6 3
 8 2 │ 4 5 9 2 │ 5 6
  ┼────────────────────────┼
 7 7 │ 3 4 6 5 │ 4 5
 8 4 │ 4 5 3 6 │ 5 4

# Square 12  (outer=45601832, inner=105659545700)
TL=(4,1,1,9) TR=(5,7,6,9) BL=(5,6,7,9) BR=(3,2,2,5)
 4 1 │ 2 3 3 7 │ 5 7
 1 9 │ 1 3 1 1 │ 6 9
  ┼────────────────────────┼
 2 1 │ 0 2 3 1 │ 1 1
 3 3 │ 2 6 0 7 │ 7 9
 3 1 │ 3 0 0 7 │ 9 7
 7 1 │ 1 7 7 5 │ 2 5
  ┼────────────────────────┼
 5 6 │ 1 7 9 2 │ 3 2
 7 9 │ 1 9 7 5 │ 2 5

# Square 13  (outer=46190701, inner=106740709388)
TL=(4,1,1,9) TR=(6,5,6,9) BL=(6,6,5,9) BR=(4,2,2,5)
 4 1 │ 2 6 6 5 │ 6 5
 1 9 │ 1 3 1 1 │ 6 9
  ┼────────────────────────┼
 2 1 │ 0 4 4 1 │ 2 1
 6 3 │ 4 6 6 2 │ 7 4
 6 1 │ 4 6 9 7 │ 7 7
 5 1 │ 1 2 7 5 │ 2 5
  ┼────────────────────────┼
 6 6 │ 2 7 7 2 │ 4 2
 5 9 │ 1 4 7 5 │ 2 5

# Square 14  (outer=47404576, inner=108969384324)
TL=(4,1,1,9) TR=(8,4,6,3) BL=(8,6,4,3) BR=(2,2,2,9)
 4 1 │ 3 4 4 4 │ 8 4
 1 9 │ 1 1 9 7 │ 6 3
  ┼────────────────────────┼
 3 1 │ 0 3 4 1 │ 1 1
 4 1 │ 3 3 6 2 │ 8 2
 4 9 │ 4 6 0 6 │ 9 4
 4 7 │ 1 2 6 9 │ 2 7
  ┼────────────────────────┼
 8 6 │ 1 8 9 2 │ 2 2
 4 3 │ 1 2 4 7 │ 2 9

# Square 15  (outer=47407680, inner=108975083269)
TL=(4,1,1,9) TR=(8,4,6,4) BL=(8,6,4,4) BR=(2,2,2,7)
 4 1 │ 3 4 4 4 │ 8 4
 1 9 │ 1 2 1 6 │ 6 4
  ┼────────────────────────┼
 3 1 │ 0 3 4 1 │ 1 1
 4 2 │ 3 4 0 2 │ 8 1
 4 1 │ 4 0 1 8 │ 9 8
 4 6 │ 1 2 8 8 │ 2 8
  ┼────────────────────────┼
 8 6 │ 1 8 9 2 │ 2 2
 4 4 │ 1 1 8 8 │ 2 7

# Square 16  (outer=213491701, inner=269706954040)
TL=(4,1,5,4) TR=(4,8,8,3) BL=(7,9,9,8) BR=(4,5,1,4)
 4 1 │ 1 9 6 8 │ 4 8
 5 4 │ 4 4 8 2 │ 8 3
  ┼────────────────────────┼
 3 1 │ 0 4 3 4 │ 1 4
 5 3 │ 4 9 8 2 │ 9 4
 5 7 │ 3 8 7 6 │ 6 8
 5 2 │ 4 2 6 4 │ 8 2
  ┼────────────────────────┼
 7 9 │ 3 5 5 5 │ 4 5
 9 8 │ 1 3 7 2 │ 1 4

# Square 17  (outer=233752879, inner=281417120749)
TL=(4,1,5,7) TR=(5,6,6,6) BL=(3,9,9,9) BR=(4,5,1,7)
 4 1 │ 2 2 9 6 │ 5 6
 5 7 │ 3 7 6 2 │ 6 6
  ┼────────────────────────┼
 1 1 │ 0 2 5 3 │ 2 3
 7 6 │ 2 0 5 2 │ 2 7
 5 8 │ 5 5 6 8 │ 9 6
 5 3 │ 3 2 8 6 │ 6 2
  ┼────────────────────────┼
 3 9 │ 1 7 5 5 │ 4 5
 9 9 │ 1 6 8 3 │ 1 7

# Square 18  (outer=249526013, inner=295843953944)
TL=(4,1,5,9) TR=(5,6,6,6) BL=(3,9,9,3) BR=(4,5,1,9)
 4 1 │ 2 2 9 6 │ 5 6
 5 9 │ 3 8 9 4 │ 6 6
  ┼────────────────────────┼
 1 1 │ 0 2 5 3 │ 2 3
 7 7 │ 2 1 5 6 │ 2 8
 5 6 │ 5 5 4 4 │ 9 9
 5 7 │ 3 6 4 8 │ 6 4
  ┼────────────────────────┼
 3 9 │ 1 7 5 5 │ 4 5
 9 3 │ 1 7 6 7 │ 1 9

# Square 19  (outer=290554981, inner=325363853072)
TL=(4,1,6,7) TR=(3,6,6,8) BL=(8,6,6,7) BR=(4,6,1,7)
 4 1 │ 1 4 7 6 │ 3 6
 6 7 │ 4 5 5 6 │ 6 8
  ┼────────────────────────┼
 3 1 │ 0 4 3 4 │ 1 4
 9 1 │ 4 0 9 5 │ 4 5
 5 3 │ 3 9 7 5 │ 7 5
 6 9 │ 4 5 5 4 │ 6 6
  ┼────────────────────────┼
 8 6 │ 3 9 5 6 │ 4 6
 6 7 │ 1 1 3 9 │ 1 7

# Square 20  (outer=539244220, inner=636873882854)
TL=(4,2,2,4) TR=(3,2,6,4) BL=(3,6,2,4) BR=(7,7,7,8)
 4 2 │ 1 3 4 4 │ 3 2
 2 4 │ 1 5 3 6 │ 6 4
  ┼────────────────────────┼
 1 1 │ 0 2 3 1 │ 2 1
 3 5 │ 2 7 3 0 │ 7 8
 4 3 │ 3 3 1 1 │ 7 7
 4 6 │ 1 0 1 2 │ 2 2
  ┼────────────────────────┼
 3 6 │ 2 7 7 2 │ 7 7
 2 4 │ 1 8 7 2 │ 7 8

# Square 21  (outer=544480074, inner=645202530181)
TL=(4,2,2,5) TR=(5,6,7,9) BL=(5,7,6,9) BR=(3,1,1,9)
 4 2 │ 2 3 5 2 │ 5 6
 2 5 │ 1 9 7 5 │ 7 9
  ┼────────────────────────┼
 2 1 │ 0 2 3 1 │ 1 1
 3 9 │ 2 8 4 7 │ 7 3
 5 7 │ 3 4 7 7 │ 6 1
 2 5 │ 1 7 7 5 │ 7 1
  ┼────────────────────────┼
 5 7 │ 1 7 6 7 │ 3 1
 6 9 │ 1 3 1 1 │ 1 9

# Square 22  (outer=544912690, inner=645731187105)
TL=(4,2,2,5) TR=(6,6,5,9) BL=(6,5,6,9) BR=(4,1,1,9)
 4 2 │ 2 7 7 2 │ 6 6
 2 5 │ 1 4 7 5 │ 5 9
  ┼────────────────────────┼
 2 1 │ 0 4 4 1 │ 2 1
 7 4 │ 4 6 6 2 │ 6 3
 7 7 │ 4 6 9 7 │ 6 1
 2 5 │ 1 2 7 5 │ 5 1
  ┼────────────────────────┼
 6 5 │ 2 6 6 5 │ 4 1
 6 9 │ 1 3 1 1 │ 1 9

# Square 23  (outer=551988079, inner=658197125878)
TL=(4,2,2,7) TR=(3,6,8,3) BL=(3,8,6,3) BR=(6,9,9,3)
 4 2 │ 1 5 1 2 │ 3 6
 2 7 │ 2 2 4 1 │ 8 3
  ┼────────────────────────┼
 1 2 │ 0 3 0 0 │ 2 5
 5 2 │ 3 5 3 6 │ 6 8
 1 4 │ 0 3 5 0 │ 2 5
 2 1 │ 0 6 0 9 │ 2 9
  ┼────────────────────────┼
 3 8 │ 2 6 2 2 │ 6 9
 6 3 │ 5 8 5 9 │ 9 3

# Square 24  (outer=561041008, inner=676293537098)
TL=(4,2,2,8) TR=(9,2,9,4) BL=(9,9,2,4) BR=(1,5,5,1)
 4 2 │ 3 8 6 4 │ 9 2
 2 8 │ 2 6 3 2 │ 9 4
  ┼────────────────────────┼
 3 2 │ 0 3 5 2 │ 1 1
 8 6 │ 3 6 1 2 │ 4 2
 6 3 │ 5 1 6 6 │ 8 2
 4 2 │ 2 2 6 8 │ 5 4
  ┼────────────────────────┼
 9 9 │ 1 4 8 5 │ 1 5
 2 4 │ 1 2 2 4 │ 5 1

# Square 25  (outer=565985080, inner=687301759505)
TL=(4,2,2,9) TR=(8,6,7,4) BL=(8,7,6,4) BR=(8,9,9,1)
 4 2 │ 3 6 1 2 │ 8 6
 2 9 │ 2 1 4 6 │ 7 4
  ┼────────────────────────┼
 3 2 │ 2 4 0 0 │ 7 5
 6 1 │ 4 7 5 8 │ 7 8
 1 4 │ 0 5 8 8 │ 4 2
 2 6 │ 0 8 8 4 │ 3 4
  ┼────────────────────────┼
 8 7 │ 7 7 4 3 │ 8 9
 6 4 │ 5 8 2 4 │ 9 1

# Square 26  (outer=578694401, inner=711706700384)
TL=(4,2,3,3) TR=(3,8,8,7) BL=(2,9,9,3) BR=(4,3,2,3)
 4 2 │ 1 5 9 6 │ 3 8
 3 3 │ 2 8 7 1 │ 8 7
  ┼────────────────────────┼
 1 2 │ 0 1 4 4 │ 1 2
 2 1 │ 1 2 1 8 │ 5 8
 4 3 │ 4 1 7 1 │ 9 7
 7 9 │ 4 8 1 9 │ 6 1
  ┼────────────────────────┼
 2 9 │ 1 2 4 7 │ 4 3
 9 3 │ 2 1 3 9 │ 2 3

# Square 27  (outer=774063162, inner=1048554681498)
TL=(4,2,6,7) TR=(9,4,4,2) BL=(5,9,9,4) BR=(4,6,2,7)
 4 2 │ 3 9 4 8 │ 9 4
 6 7 │ 2 8 1 4 │ 4 2
  ┼────────────────────────┼
 2 2 │ 0 7 0 4 │ 3 2
 7 5 │ 7 3 5 0 │ 9 8
 1 3 │ 0 5 3 3 │ 4 1
 4 8 │ 4 0 3 2 │ 8 4
  ┼────────────────────────┼
 5 9 │ 2 7 1 4 │ 4 6
 9 4 │ 2 5 3 8 │ 2 7

# Square 28  (outer=890826494, inner=1284875952449)
TL=(4,2,8,6) TR=(8,3,3,7) BL=(3,7,7,4) BR=(4,8,2,6)
 4 2 │ 3 4 8 6 │ 8 3
 8 6 │ 3 1 8 2 │ 3 7
  ┼────────────────────────┼
 1 1 │ 0 3 6 3 │ 3 3
 7 9 │ 3 2 3 9 │ 4 1
 7 2 │ 6 3 3 6 │ 8 8
 6 4 │ 3 9 6 8 │ 6 2
  ┼────────────────────────┼
 3 7 │ 1 7 7 6 │ 4 8
 7 4 │ 1 9 2 4 │ 2 6

# Square 29  (outer=931430737, inner=1369921722555)
TL=(4,2,9,3) TR=(4,1,1,7) BL=(2,6,6,3) BR=(4,9,2,3)
 4 2 │ 1 7 2 2 │ 4 1
 9 3 │ 1 5 8 1 │ 1 7
  ┼────────────────────────┼
 1 1 │ 0 1 2 1 │ 1 1
 2 4 │ 1 8 0 0 │ 7 5
 7 4 │ 2 0 7 2 │ 2 8
 4 9 │ 1 0 2 9 │ 2 1
  ┼────────────────────────┼
 2 6 │ 1 2 7 4 │ 4 9
 6 3 │ 1 4 4 9 │ 2 3

# Square 30  (outer=1011926201, inner=1556724185399)
TL=(4,3,2,3) TR=(2,9,9,3) BL=(3,8,8,7) BR=(4,2,3,3)
 4 3 │ 1 2 4 7 │ 2 9
 2 3 │ 2 1 3 9 │ 9 3
  ┼────────────────────────┼
 1 2 │ 0 1 4 4 │ 1 2
 5 8 │ 1 2 1 8 │ 2 1
 9 7 │ 4 1 7 1 │ 4 3
 6 1 │ 4 8 1 9 │ 7 9
  ┼────────────────────────┼
 3 8 │ 1 5 9 6 │ 4 2
 8 7 │ 2 8 7 1 │ 3 3

# Square 31  (outer=1063361653, inner=1673707692312)
TL=(4,3,3,3) TR=(3,8,8,7) BL=(3,8,8,7) BR=(9,7,7,2)
 4 3 │ 1 6 3 4 │ 3 8
 3 3 │ 2 8 7 1 │ 8 7
  ┼────────────────────────┼
 1 2 │ 0 4 3 2 │ 3 6
 6 8 │ 4 2 1 6 │ 6 2
 3 7 │ 3 1 8 2 │ 8 6
 4 1 │ 2 6 2 4 │ 6 4
  ┼────────────────────────┼
 3 8 │ 3 6 8 6 │ 9 7
 8 7 │ 6 2 6 4 │ 7 2

# Square 32  (outer=1067509815, inner=1684202543824)
TL=(4,3,3,3) TR=(8,7,8,1) BL=(8,8,7,1) BR=(3,7,7,5)
 4 3 │ 3 7 4 1 │ 8 7
 3 3 │ 2 6 7 3 │ 8 1
  ┼────────────────────────┼
 3 2 │ 1 1 2 0 │ 3 5
 7 6 │ 1 7 4 8 │ 2 3
 4 7 │ 2 4 4 4 │ 5 2
 1 3 │ 0 8 4 5 │ 6 5
  ┼────────────────────────┼
 8 8 │ 3 2 5 6 │ 3 7
 7 1 │ 5 3 2 5 │ 7 5

# Square 33  (outer=1067807722, inner=1684956248629)
TL=(4,3,3,3) TR=(8,9,8,6) BL=(8,8,9,6) BR=(3,2,2,2)
 4 3 │ 3 8 2 7 │ 8 9
 3 3 │ 2 8 3 8 │ 8 6
  ┼────────────────────────┼
 3 2 │ 0 7 0 4 │ 2 2
 8 8 │ 7 1 2 8 │ 8 1
 2 3 │ 0 2 5 3 │ 1 1
 7 8 │ 4 8 3 6 │ 6 2
  ┼────────────────────────┼
 8 8 │ 2 8 1 6 │ 3 2
 9 6 │ 2 1 1 2 │ 2 2

# Square 34  (outer=1069698581, inner=1689797528335)
TL=(4,3,3,4) TR=(3,8,8,8) BL=(3,8,8,8) BR=(9,7,7,3)
 4 3 │ 1 6 3 4 │ 3 8
 3 4 │ 2 9 9 2 │ 8 8
  ┼────────────────────────┼
 1 2 │ 0 4 3 2 │ 3 6
 6 9 │ 4 4 1 6 │ 6 4
 3 9 │ 3 1 9 8 │ 8 2
 4 2 │ 2 6 8 8 │ 6 4
  ┼────────────────────────┼
 3 8 │ 3 6 8 6 │ 9 7
 8 8 │ 6 4 2 4 │ 7 3

# Square 35  (outer=1074990223, inner=1703476424829)
TL=(4,3,3,4) TR=(9,3,8,4) BL=(9,8,3,4) BR=(8,8,8,2)
 4 3 │ 3 9 9 9 │ 9 3
 3 4 │ 2 8 5 6 │ 8 4
  ┼────────────────────────┼
 3 2 │ 2 6 2 4 │ 8 2
 9 8 │ 6 5 6 6 │ 6 7
 9 5 │ 2 6 6 0 │ 2 8
 9 6 │ 4 6 0 8 │ 4 8
  ┼────────────────────────┼
 9 8 │ 8 6 2 4 │ 8 8
 3 4 │ 2 7 8 8 │ 8 2

# Square 36  (outer=1085955160, inner=1727440100446)
TL=(4,3,3,6) TR=(9,3,8,1) BL=(9,8,3,1) BR=(4,4,4,8)
 4 3 │ 3 9 9 9 │ 9 3
 3 6 │ 2 9 1 6 │ 8 1
  ┼────────────────────────┼
 3 2 │ 1 3 1 2 │ 4 1
 9 9 │ 3 3 6 6 │ 3 4
 9 1 │ 1 6 3 8 │ 1 8
 9 6 │ 2 6 8 8 │ 2 8
  ┼────────────────────────┼
 9 8 │ 4 3 1 2 │ 4 4
 3 1 │ 1 4 8 8 │ 4 8

# Square 37  (outer=1091212478, inner=1742255220510)
TL=(4,3,3,7) TR=(7,6,7,9) BL=(7,7,6,9) BR=(4,4,4,7)
 4 3 │ 3 2 6 8 │ 7 6
 3 7 │ 2 9 2 3 │ 7 9
  ┼────────────────────────┼
 3 2 │ 1 0 5 6 │ 3 3
 2 9 │ 0 9 2 8 │ 3 2
 6 2 │ 5 2 0 8 │ 8 4
 8 3 │ 6 8 8 9 │ 8 3
  ┼────────────────────────┼
 7 7 │ 3 3 8 8 │ 4 4
 6 9 │ 3 2 4 3 │ 4 7

# Square 38  (outer=1094522928, inner=1751622403971)
TL=(4,3,3,8) TR=(3,2,9,8) BL=(3,9,2,8) BR=(3,5,5,7)
 4 3 │ 1 3 7 6 │ 3 2
 3 8 │ 3 7 2 4 │ 9 8
  ┼────────────────────────┼
 1 3 │ 0 1 4 3 │ 1 1
 3 7 │ 1 2 9 5 │ 3 5
 7 2 │ 4 9 6 8 │ 6 9
 6 4 │ 3 5 8 4 │ 5 6
  ┼────────────────────────┼
 3 9 │ 1 3 6 5 │ 3 5
 2 8 │ 1 5 9 6 │ 5 7

# Square 39  (outer=1098808286, inner=1762935750672)
TL=(4,3,3,8) TR=(7,8,9,4) BL=(7,9,8,4) BR=(6,2,2,1)
 4 3 │ 3 3 5 4 │ 7 8
 3 8 │ 3 5 7 2 │ 9 4
  ┼────────────────────────┼
 3 3 │ 1 3 5 3 │ 4 1
 3 5 │ 3 0 4 5 │ 8 7
 5 7 │ 5 4 7 2 │ 9 6
 4 2 │ 3 5 2 8 │ 8 4
  ┼────────────────────────┼
 7 9 │ 4 8 9 8 │ 6 2
 8 4 │ 1 7 6 4 │ 2 1

# Square 40  (outer=1144994106, inner=1868704601668)
TL=(4,3,4,6) TR=(6,2,2,7) BL=(6,3,3,4) BR=(4,4,3,6)
 4 3 │ 2 6 6 6 │ 6 2
 4 6 │ 1 2 4 2 │ 2 7
  ┼────────────────────────┼
 2 1 │ 0 4 4 1 │ 2 1
 7 2 │ 4 4 6 4 │ 6 2
 7 2 │ 4 6 0 8 │ 6 4
 2 4 │ 1 4 8 8 │ 6 2
  ┼────────────────────────┼
 6 3 │ 2 7 7 2 │ 4 4
 3 4 │ 1 2 2 4 │ 3 6

# Square 41  (outer=1175463276, inner=1940157531127)
TL=(4,3,5,1) TR=(5,9,9,6) BL=(6,5,5,9) BR=(4,5,3,1)
 4 3 │ 2 5 3 7 │ 5 9
 5 1 │ 4 8 9 6 │ 9 6
  ┼────────────────────────┼
 2 1 │ 0 5 0 4 │ 2 4
 9 8 │ 5 6 8 4 │ 5 8
 2 2 │ 0 8 5 8 │ 3 9
 5 9 │ 4 4 8 4 │ 7 6
  ┼────────────────────────┼
 6 5 │ 2 9 2 5 │ 4 5
 5 9 │ 1 8 2 9 │ 3 1

# Square 42  (outer=1338795315, inner=2264576066418)
TL=(4,3,7,4) TR=(4,6,6,1) BL=(2,5,5,1) BR=(4,7,3,4)
 4 3 │ 1 9 7 8 │ 4 6
 7 4 │ 4 5 1 4 │ 6 1
  ┼────────────────────────┼
 1 1 │ 0 1 5 4 │ 1 4
 1 7 │ 1 6 1 5 │ 9 5
 7 3 │ 5 1 8 3 │ 7 1
 5 4 │ 4 5 3 6 │ 8 4
  ┼────────────────────────┼
 2 5 │ 1 1 7 5 │ 4 7
 5 1 │ 1 7 3 4 │ 3 4

# Square 43  (outer=1435957071, inner=2499330059510)
TL=(4,3,8,7) TR=(5,8,8,3) BL=(8,9,9,5) BR=(4,8,3,7)
 4 3 │ 2 4 9 4 │ 5 8
 8 7 │ 7 2 2 1 │ 8 3
  ┼────────────────────────┼
 4 3 │ 1 1 6 1 │ 2 7
 2 5 │ 1 0 5 0 │ 4 2
 7 1 │ 6 5 3 2 │ 9 2
 2 5 │ 1 0 2 5 │ 4 1
  ┼────────────────────────┼
 8 9 │ 4 2 7 2 │ 4 8
 9 5 │ 3 5 1 5 │ 3 7

# Square 44  (outer=1626144586, inner=2988327710994)
TL=(4,4,3,6) TR=(6,3,3,4) BL=(6,2,2,7) BR=(4,3,4,6)
 4 4 │ 2 7 7 2 │ 6 3
 3 6 │ 1 2 2 4 │ 3 4
  ┼────────────────────────┼
 2 1 │ 0 4 4 1 │ 2 1
 6 2 │ 4 4 6 4 │ 7 2
 6 4 │ 4 6 0 8 │ 7 2
 6 2 │ 1 4 8 8 │ 2 4
  ┼────────────────────────┼
 6 2 │ 2 6 6 6 │ 4 3
 2 7 │ 1 2 4 2 │ 4 6

# Square 45  (outer=1649556366, inner=3056857456816)
TL=(4,4,4,1) TR=(3,1,5,9) BL=(3,5,1,9) BR=(7,7,7,6)
 4 4 │ 1 3 6 4 │ 3 1
 4 1 │ 2 4 1 9 │ 5 9
  ┼────────────────────────┼
 1 2 │ 0 2 5 2 │ 2 1
 3 4 │ 2 1 7 6 │ 6 4
 6 1 │ 5 7 3 4 │ 9 4
 4 9 │ 2 6 4 6 │ 5 4
  ┼────────────────────────┼
 3 5 │ 2 6 9 5 │ 7 7
 1 9 │ 1 4 4 4 │ 7 6

# Square 46  (outer=1651059035, inner=3060833519644)
TL=(4,4,4,1) TR=(5,1,6,8) BL=(5,6,1,8) BR=(9,9,9,2)
 4 4 │ 2 2 4 4 │ 5 1
 4 1 │ 2 7 8 8 │ 6 8
  ┼────────────────────────┼
 2 2 │ 1 1 2 2 │ 5 1
 2 7 │ 1 5 1 2 │ 5 6
 4 8 │ 2 1 6 0 │ 4 5
 4 8 │ 2 2 0 8 │ 4 6
  ┼────────────────────────┼
 5 6 │ 5 5 4 4 │ 9 9
 1 8 │ 1 6 5 6 │ 9 2

# Square 47  (outer=1651161646, inner=3061105028414)
TL=(4,4,4,1) TR=(5,2,8,2) BL=(5,8,2,2) BR=(9,8,8,6)
 4 4 │ 2 2 8 8 │ 5 2
 4 1 │ 3 3 6 2 │ 8 2
  ┼────────────────────────┼
 2 3 │ 1 1 7 3 │ 5 1
 2 3 │ 1 5 6 4 │ 6 8
 8 6 │ 7 6 5 4 │ 8 9
 8 2 │ 3 4 4 4 │ 4 2
  ┼────────────────────────┼
 5 8 │ 5 6 8 4 │ 9 8
 2 2 │ 1 8 9 2 │ 8 6

# Square 48  (outer=1659077804, inner=3080909610325)
TL=(4,4,4,2) TR=(7,1,8,7) BL=(7,8,1,7) BR=(4,6,6,9)
 4 4 │ 3 1 2 4 │ 7 1
 4 2 │ 3 6 5 4 │ 8 7
  ┼────────────────────────┼
 3 3 │ 1 0 2 3 │ 3 1
 1 6 │ 0 8 1 6 │ 5 1
 2 5 │ 2 1 7 5 │ 8 7
 4 4 │ 3 6 5 2 │ 8 3
  ┼────────────────────────┼
 7 8 │ 3 5 8 8 │ 4 6
 1 7 │ 1 1 7 3 │ 6 9

# Square 49  (outer=1662032606, inner=3087820516028)
TL=(4,4,4,3) TR=(2,8,4,4) BL=(2,4,8,4) BR=(6,1,1,9)
 4 4 │ 1 2 3 2 │ 2 8
 4 3 │ 1 8 9 2 │ 4 4
  ┼────────────────────────┼
 1 1 │ 0 1 2 1 │ 1 1
 2 8 │ 1 2 6 0 │ 4 5
 3 9 │ 2 6 9 1 │ 6 9
 2 2 │ 1 0 1 2 │ 4 6
  ┼────────────────────────┼
 2 4 │ 1 4 6 4 │ 6 1
 8 4 │ 1 5 9 6 │ 1 9

# Square 50  (outer=1662252663, inner=3088413569742)
TL=(4,4,4,3) TR=(3,1,2,9) BL=(3,2,1,9) BR=(8,6,6,3)
 4 4 │ 1 3 6 4 │ 3 1
 4 3 │ 1 2 4 7 │ 2 9
  ┼────────────────────────┼
 1 1 │ 0 2 3 1 │ 2 1
 3 2 │ 2 2 7 2 │ 7 1
 6 4 │ 3 7 7 6 │ 5 9
 4 7 │ 1 2 6 9 │ 2 7
  ┼────────────────────────┼
 3 2 │ 2 7 5 2 │ 8 6
 1 9 │ 1 1 9 7 │ 6 3

# Square 51  (outer=1667479256, inner=3102499239978)
TL=(4,4,4,3) TR=(8,8,4,4) BL=(8,4,8,4) BR=(5,1,1,9)
 4 4 │ 3 8 7 2 │ 8 8
 4 3 │ 1 8 9 2 │ 4 4
  ┼────────────────────────┼
 3 1 │ 1 2 7 1 │ 4 1
 8 8 │ 2 2 0 0 │ 2 5
 7 9 │ 7 0 3 1 │ 8 9
 2 2 │ 1 0 1 2 │ 4 6
  ┼────────────────────────┼
 8 4 │ 4 2 8 4 │ 5 1
 8 4 │ 1 5 9 6 │ 1 9

# Square 52  (outer=1668900516, inner=3106256743769)
TL=(4,4,4,4) TR=(2,8,4,3) BL=(2,4,8,3) BR=(6,1,1,9)
 4 4 │ 1 2 3 2 │ 2 8
 4 4 │ 1 8 9 2 │ 4 3
  ┼────────────────────────┼
 1 1 │ 0 1 2 1 │ 1 1
 2 8 │ 1 2 6 0 │ 4 5
 3 9 │ 2 6 1 3 │ 6 7
 2 2 │ 1 0 3 4 │ 4 7
  ┼────────────────────────┼
 2 4 │ 1 4 6 4 │ 6 1
 8 3 │ 1 5 7 7 │ 1 9

# Square 53  (outer=1675630982, inner=3121879961963)
TL=(4,4,4,5) TR=(3,8,4,7) BL=(3,4,8,7) BR=(7,7,7,1)
 4 4 │ 1 6 7 2 │ 3 8
 4 5 │ 2 1 1 5 │ 4 7
  ┼────────────────────────┼
 1 2 │ 0 3 1 2 │ 2 6
 6 1 │ 3 7 2 1 │ 6 1
 7 1 │ 1 2 0 7 │ 1 7
 2 5 │ 2 1 7 5 │ 8 7
  ┼────────────────────────┼
 3 4 │ 2 6 1 8 │ 7 7
 8 7 │ 6 1 7 7 │ 7 1

# Square 54  (outer=1689607032, inner=3154161553211)
TL=(4,4,4,7) TR=(7,7,6,9) BL=(7,6,7,9) BR=(4,3,3,7)
 4 4 │ 3 3 8 8 │ 7 7
 4 7 │ 3 2 4 3 │ 6 9
  ┼────────────────────────┼
 3 3 │ 1 0 5 6 │ 3 2
 3 2 │ 0 9 2 8 │ 2 9
 8 4 │ 5 2 0 8 │ 6 2
 8 3 │ 6 8 8 9 │ 8 3
  ┼────────────────────────┼
 7 6 │ 3 2 6 8 │ 4 3
 7 9 │ 2 9 2 3 │ 3 7

# Square 55  (outer=1694182565, inner=3166068477755)
TL=(4,4,4,8) TR=(5,4,3,8) BL=(5,3,4,8) BR=(9,9,9,9)
 4 4 │ 2 3 7 6 │ 5 4
 4 8 │ 1 8 2 4 │ 3 8
  ┼────────────────────────┼
 2 1 │ 1 1 3 4 │ 5 4
 3 8 │ 1 0 2 6 │ 2 7
 7 2 │ 3 2 4 0 │ 4 5
 6 4 │ 4 6 0 8 │ 7 2
  ┼────────────────────────┼
 5 3 │ 5 2 4 7 │ 9 9
 4 8 │ 4 7 5 2 │ 9 9

# Square 56  (outer=1698114398, inner=3175701469999)
TL=(4,4,4,8) TR=(9,8,3,1) BL=(9,3,8,1) BR=(4,3,3,6)
 4 4 │ 4 3 1 2 │ 9 8
 4 8 │ 1 4 8 8 │ 3 1
  ┼────────────────────────┼
 4 1 │ 1 3 1 2 │ 3 2
 3 4 │ 3 3 6 6 │ 9 9
 1 8 │ 1 6 3 8 │ 9 1
 2 8 │ 2 6 8 8 │ 9 6
  ┼────────────────────────┼
 9 3 │ 3 9 9 9 │ 4 3
 8 1 │ 2 9 1 6 │ 3 6

# Square 57  (outer=1698571104, inner=3176861330443)
TL=(4,4,4,9) TR=(2,7,3,5) BL=(2,3,7,5) BR=(6,9,9,3)
 4 4 │ 1 1 8 8 │ 2 7
 4 9 │ 1 7 1 5 │ 3 5
  ┼────────────────────────┼
 1 1 │ 0 1 7 6 │ 1 6
 1 7 │ 1 0 0 3 │ 5 9
 8 1 │ 7 0 4 7 │ 8 7
 8 5 │ 6 3 7 5 │ 7 5
  ┼────────────────────────┼
 2 3 │ 1 5 8 7 │ 6 9
 7 5 │ 6 9 7 5 │ 9 3

# Square 58  (outer=1698937818, inner=3177867593850)
TL=(4,4,4,9) TR=(3,1,6,9) BL=(3,6,1,9) BR=(3,8,8,3)
 4 4 │ 1 3 6 4 │ 3 1
 4 9 │ 3 3 8 1 │ 6 9
  ┼────────────────────────┼
 1 3 │ 0 1 4 3 │ 1 1
 3 3 │ 1 1 5 5 │ 3 5
 6 8 │ 4 5 5 6 │ 6 7
 4 1 │ 3 5 6 7 │ 8 7
  ┼────────────────────────┼
 3 6 │ 1 3 6 8 │ 3 8
 1 9 │ 1 5 7 7 │ 8 3

# Square 59  (outer=1705240535, inner=3195162251767)
TL=(4,4,4,9) TR=(9,9,7,5) BL=(9,7,9,5) BR=(2,8,8,7)
 4 4 │ 4 3 5 6 │ 9 9
 4 9 │ 3 6 7 5 │ 7 5
  ┼────────────────────────┼
 4 3 │ 1 2 0 4 │ 2 8
 3 6 │ 2 5 9 2 │ 7 2
 5 7 │ 0 9 1 2 │ 1 6
 6 5 │ 4 2 2 5 │ 6 5
  ┼────────────────────────┼
 9 7 │ 2 7 1 6 │ 2 8
 9 5 │ 8 2 6 5 │ 8 7

# Square 60  (outer=1764518016, inner=3288096342995)
TL=(4,4,5,9) TR=(8,3,3,2) BL=(3,3,3,7) BR=(4,5,4,9)
 4 4 │ 3 6 5 2 │ 8 3
 5 9 │ 1 8 8 8 │ 3 2
  ┼────────────────────────┼
 1 1 │ 0 3 4 1 │ 3 1
 4 8 │ 3 2 6 4 │ 6 8
 8 1 │ 4 6 9 8 │ 5 8
 5 3 │ 1 4 8 4 │ 2 8
  ┼────────────────────────┼
 3 3 │ 1 4 8 5 │ 4 5
 3 7 │ 1 8 1 3 │ 4 9

# Square 61  (outer=1776052856, inner=3315963259531)
TL=(4,4,6,2) TR=(5,4,4,6) BL=(3,4,4,1) BR=(4,6,4,2)
 4 4 │ 2 3 7 6 │ 5 4
 6 2 │ 2 8 5 2 │ 4 6
  ┼────────────────────────┼
 1 1 │ 0 2 4 2 │ 2 2
 5 7 │ 2 1 6 6 │ 3 8
 6 2 │ 4 6 5 0 │ 7 5
 4 2 │ 2 6 0 4 │ 6 2
  ┼────────────────────────┼
 3 4 │ 1 5 6 4 │ 4 6
 4 1 │ 1 7 2 2 │ 4 2

# Square 62  (outer=1847649904, inner=3500879736263)
TL=(4,4,7,3) TR=(6,4,4,9) BL=(8,9,9,6) BR=(4,7,4,3)
 4 4 │ 2 8 1 6 │ 6 4
 7 3 │ 3 5 7 7 │ 4 9
  ┼────────────────────────┼
 4 4 │ 1 0 1 2 │ 2 3
 1 1 │ 0 9 3 5 │ 8 5
 8 2 │ 1 3 9 4 │ 1 7
 3 8 │ 2 5 4 6 │ 6 7
  ┼────────────────────────┼
 8 9 │ 4 1 8 3 │ 4 7
 9 6 │ 4 1 2 8 │ 4 3

# Square 63  (outer=1866340009, inner=3548608843598)
TL=(4,4,7,6) TR=(5,4,4,8) BL=(3,9,9,6) BR=(4,7,4,6)
 4 4 │ 2 3 7 6 │ 5 4
 7 6 │ 3 6 4 8 │ 4 8
  ┼────────────────────────┼
 1 4 │ 0 3 2 2 │ 2 3
 8 4 │ 3 0 2 4 │ 3 6
 3 1 │ 2 2 9 4 │ 7 4
 3 6 │ 2 4 4 8 │ 6 8
  ┼────────────────────────┼
 3 9 │ 1 8 3 3 │ 4 7
 9 6 │ 4 4 1 6 │ 4 6

# Square 64  (outer=1941030089, inner=3747600848669)
TL=(4,4,8,7) TR=(6,8,8,2) BL=(8,7,7,5) BR=(4,8,4,7)
 4 4 │ 2 9 9 2 │ 6 8
 8 7 │ 7 1 3 4 │ 8 2
  ┼────────────────────────┼
 4 3 │ 1 1 6 1 │ 2 7
 1 5 │ 1 3 6 5 │ 9 1
 7 2 │ 6 6 9 6 │ 9 3
 6 5 │ 1 5 6 0 │ 2 4
  ┼────────────────────────┼
 8 7 │ 4 1 7 6 │ 4 8
 7 5 │ 3 5 2 5 │ 4 7

# Square 65  (outer=1952796451, inner=3778257825835)
TL=(4,4,8,9) TR=(2,8,8,9) BL=(3,7,7,6) BR=(4,8,4,9)
 4 4 │ 1 2 3 2 │ 2 8
 8 9 │ 7 9 2 1 │ 8 9
  ┼────────────────────────┼
 1 3 │ 0 2 2 1 │ 1 7
 7 7 │ 2 2 3 3 │ 2 9
 7 2 │ 2 3 0 4 │ 3 2
 6 4 │ 1 3 4 4 │ 2 1
  ┼────────────────────────┼
 3 7 │ 1 7 7 6 │ 4 8
 7 6 │ 3 7 2 4 │ 4 9

# Square 66  (outer=2020440625, inner=3968489703246)
TL=(4,4,9,9) TR=(5,4,4,7) BL=(3,7,7,1) BR=(4,9,4,9)
 4 4 │ 2 3 7 6 │ 5 4
 9 9 │ 4 6 5 3 │ 4 7
  ┼────────────────────────┼
 1 3 │ 0 3 1 2 │ 2 4
 8 4 │ 3 0 2 4 │ 3 6
 1 7 │ 1 2 7 5 │ 7 5
 3 9 │ 2 4 5 7 │ 6 3
  ┼────────────────────────┼
 3 7 │ 1 8 1 3 │ 4 9
 7 1 │ 3 4 7 9 │ 4 9

# Square 67  (outer=2027952185, inner=3991607166720)
TL=(4,5,1,4) TR=(7,9,9,8) BL=(4,8,8,3) BR=(4,1,5,4)
 4 5 │ 3 5 5 5 │ 7 9
 1 4 │ 1 3 7 2 │ 9 8
  ┼────────────────────────┼
 1 4 │ 0 4 3 4 │ 3 1
 9 4 │ 4 9 8 2 │ 5 3
 6 8 │ 3 8 7 6 │ 5 7
 8 2 │ 4 2 6 4 │ 5 2
  ┼────────────────────────┼
 4 8 │ 1 9 6 8 │ 4 1
 8 3 │ 4 4 8 2 │ 5 4

# Square 68  (outer=2031625269, inner=4001071203446)
TL=(4,5,1,7) TR=(3,9,9,9) BL=(5,6,6,6) BR=(4,1,5,7)
 4 5 │ 1 7 5 5 │ 3 9
 1 7 │ 1 6 8 3 │ 9 9
  ┼────────────────────────┼
 2 3 │ 0 2 5 3 │ 1 1
 2 7 │ 2 0 5 2 │ 7 6
 9 6 │ 5 5 6 8 │ 5 8
 6 2 │ 3 2 8 6 │ 5 3
  ┼────────────────────────┼
 5 6 │ 2 2 9 6 │ 4 1
 6 6 │ 3 7 6 2 │ 5 7

# Square 69  (outer=2036342784, inner=4015301606543)
TL=(4,5,1,9) TR=(3,9,9,3) BL=(5,6,6,6) BR=(4,1,5,9)
 4 5 │ 1 7 5 5 │ 3 9
 1 9 │ 1 7 6 7 │ 9 3
  ┼────────────────────────┼
 2 3 │ 0 2 5 3 │ 1 1
 2 8 │ 2 1 5 6 │ 7 7
 9 9 │ 5 5 4 4 │ 5 6
 6 4 │ 3 6 4 8 │ 5 7
  ┼────────────────────────┼
 5 6 │ 2 2 9 6 │ 4 1
 6 6 │ 3 8 9 4 │ 5 9

# Square 70  (outer=2065476607, inner=4092717797532)
TL=(4,5,3,1) TR=(6,5,5,9) BL=(5,9,9,6) BR=(4,3,5,1)
 4 5 │ 2 9 2 5 │ 6 5
 3 1 │ 1 8 2 9 │ 5 9
  ┼────────────────────────┼
 2 4 │ 0 5 0 4 │ 2 1
 5 8 │ 5 6 8 4 │ 9 8
 3 9 │ 0 8 5 8 │ 2 2
 7 6 │ 4 4 8 4 │ 5 9
  ┼────────────────────────┼
 5 9 │ 2 5 3 7 │ 4 3
 9 6 │ 4 8 9 6 │ 5 1

# Square 71  (outer=2124783489, inner=4258937188268)
TL=(4,5,4,9) TR=(3,3,3,7) BL=(8,3,3,2) BR=(4,4,5,9)
 4 5 │ 1 4 8 5 │ 3 3
 4 9 │ 1 8 1 3 │ 3 7
  ┼────────────────────────┼
 3 1 │ 0 3 4 1 │ 1 1
 6 8 │ 3 2 6 4 │ 4 8
 5 8 │ 4 6 9 8 │ 8 1
 2 8 │ 1 4 8 4 │ 5 3
  ┼────────────────────────┼
 8 3 │ 3 6 5 2 │ 4 4
 3 2 │ 1 8 8 8 │ 5 9

# Square 72  (outer=2129948801, inner=4272781186939)
TL=(4,5,5,1) TR=(5,1,7,6) BL=(5,7,1,6) BR=(9,8,8,2)
 4 5 │ 2 2 9 5 │ 5 1
 5 1 │ 3 8 7 6 │ 7 6
  ┼────────────────────────┼
 2 3 │ 1 1 7 3 │ 5 1
 2 8 │ 1 4 8 4 │ 5 3
 9 7 │ 7 8 5 7 │ 8 1
 5 6 │ 3 4 7 2 │ 6 2
  ┼────────────────────────┼
 5 7 │ 5 5 8 6 │ 9 8
 1 6 │ 1 3 1 2 │ 8 2

# Square 73  (outer=2131085423, inner=4275001010164)
TL=(4,5,5,1) TR=(6,5,9,7) BL=(6,9,5,7) BR=(9,5,5,6)
 4 5 │ 2 9 2 5 │ 6 5
 5 1 │ 4 9 4 7 │ 9 7
  ┼────────────────────────┼
 2 4 │ 1 5 1 2 │ 6 3
 9 9 │ 5 0 4 9 │ 5 1
 2 4 │ 1 4 1 6 │ 5 9
 5 7 │ 2 9 6 4 │ 5 2
  ┼────────────────────────┼
 6 9 │ 6 5 5 5 │ 9 5
 5 7 │ 3 1 9 2 │ 5 6

# Square 74  (outer=2144266159, inner=4297776973626)
TL=(4,5,5,4) TR=(7,7,8,4) BL=(7,8,7,4) BR=(4,1,1,8)
 4 5 │ 3 4 6 5 │ 7 7
 5 4 │ 4 5 3 6 │ 8 4
  ┼────────────────────────┼
 3 4 │ 1 0 5 4 │ 3 1
 4 5 │ 0 5 8 5 │ 1 3
 6 3 │ 5 8 5 9 │ 9 3
 5 6 │ 4 5 9 2 │ 8 2
  ┼────────────────────────┼
 7 8 │ 3 1 9 8 │ 4 1
 7 4 │ 1 3 3 2 │ 1 8

# Square 75  (outer=2306847359, inner=4735799964694)
TL=(4,5,9,7) TR=(3,5,5,1) BL=(2,9,9,6) BR=(4,9,5,7)
 4 5 │ 1 5 7 5 │ 3 5
 9 7 │ 4 9 4 7 │ 5 1
  ┼────────────────────────┼
 1 5 │ 0 2 1 0 │ 1 4
 4 4 │ 2 5 9 6 │ 5 9
 2 7 │ 1 9 9 8 │ 7 4
 1 2 │ 0 6 8 4 │ 5 7
  ┼────────────────────────┼
 2 9 │ 1 4 2 1 │ 4 9
 9 6 │ 5 4 7 2 │ 5 7

# Square 76  (outer=2332045404, inner=4812890098757)
TL=(4,6,1,7) TR=(8,6,6,7) BL=(3,6,6,8) BR=(4,1,6,7)
 4 6 │ 3 9 5 6 │ 8 6
 1 7 │ 1 1 3 9 │ 6 7
  ┼────────────────────────┼
 1 4 │ 0 4 3 4 │ 3 1
 4 5 │ 4 0 9 5 │ 9 1
 7 5 │ 3 9 7 5 │ 5 3
 6 6 │ 4 5 5 4 │ 6 9
  ┼────────────────────────┼
 3 6 │ 1 4 7 6 │ 4 1
 6 8 │ 4 5 5 6 │ 6 7

# Square 77  (outer=2367850643, inner=4909785642382)
TL=(4,6,2,7) TR=(5,9,9,4) BL=(9,4,4,2) BR=(4,2,6,7)
 4 6 │ 2 7 1 4 │ 5 9
 2 7 │ 2 5 3 8 │ 9 4
  ┼────────────────────────┼
 3 2 │ 0 7 0 4 │ 2 2
 9 8 │ 7 3 5 0 │ 7 5
 4 1 │ 0 5 3 3 │ 1 3
 8 4 │ 4 0 3 2 │ 4 8
  ┼────────────────────────┼
 9 4 │ 3 9 4 8 │ 4 2
 4 2 │ 2 8 1 4 │ 6 7

# Square 78  (outer=2437977873, inner=5122396638187)
TL=(4,6,4,2) TR=(3,4,4,1) BL=(5,4,4,6) BR=(4,4,6,2)
 4 6 │ 1 5 6 4 │ 3 4
 4 2 │ 1 7 2 2 │ 4 1
  ┼────────────────────────┼
 2 2 │ 0 2 4 2 │ 1 1
 3 8 │ 2 1 6 6 │ 5 7
 7 5 │ 4 6 5 0 │ 6 2
 6 2 │ 2 6 0 4 │ 4 2
  ┼────────────────────────┼
 5 4 │ 2 3 7 6 │ 4 4
 4 6 │ 2 8 5 2 │ 6 2

# Square 79  (outer=2544598529, inner=5356656475885)
TL=(4,6,6,1) TR=(4,3,7,4) BL=(4,7,3,4) BR=(2,5,5,1)
 4 6 │ 1 9 7 8 │ 4 3
 6 1 │ 4 5 1 4 │ 7 4
  ┼────────────────────────┼
 1 4 │ 0 1 5 4 │ 1 1
 9 5 │ 1 6 1 5 │ 1 7
 7 1 │ 5 1 8 3 │ 7 3
 8 4 │ 4 5 3 6 │ 5 4
  ┼────────────────────────┼
 4 7 │ 1 1 7 5 │ 2 5
 3 4 │ 1 7 3 4 │ 5 1

# Square 80  (outer=2558534941, inner=5394862579907)
TL=(4,6,6,3) TR=(5,2,1,9) BL=(5,1,2,9) BR=(3,4,4,3)
 4 6 │ 2 3 9 2 │ 5 2
 6 3 │ 1 1 9 7 │ 1 9
  ┼────────────────────────┼
 2 1 │ 0 2 3 1 │ 1 1
 3 1 │ 2 2 3 2 │ 7 2
 9 9 │ 3 3 6 6 │ 3 4
 2 7 │ 1 2 6 9 │ 4 7
  ┼────────────────────────┼
 5 1 │ 1 7 3 4 │ 3 4
 2 9 │ 1 2 4 7 │ 4 3

# Square 81  (outer=2560996821, inner=5402100508057)
TL=(4,6,6,3) TR=(7,6,8,8) BL=(7,8,6,8) BR=(4,1,1,7)
 4 6 │ 3 4 9 6 │ 7 6
 6 3 │ 5 5 4 4 │ 8 8
  ┼────────────────────────┼
 3 5 │ 1 0 8 5 │ 3 1
 4 5 │ 0 4 9 5 │ 1 1
 9 4 │ 8 9 3 0 │ 9 5
 6 4 │ 5 5 0 4 │ 8 6
  ┼────────────────────────┼
 7 8 │ 3 1 9 8 │ 4 1
 6 8 │ 1 1 5 6 │ 1 7

# Square 82  (outer=2561972835, inner=5404969989588)
TL=(4,6,6,3) TR=(8,4,2,1) BL=(8,2,4,1) BR=(8,9,9,7)
 4 6 │ 3 8 6 4 │ 8 4
 6 3 │ 1 3 2 3 │ 2 1
  ┼────────────────────────┼
 3 1 │ 2 2 6 3 │ 7 3
 8 3 │ 2 4 0 7 │ 2 9
 6 2 │ 6 0 1 4 │ 9 7
 4 3 │ 3 7 4 1 │ 8 7
  ┼────────────────────────┼
 8 2 │ 7 2 9 8 │ 8 9
 4 1 │ 3 9 7 7 │ 9 7

# Square 83  (outer=2567693052, inner=5420320131604)
TL=(4,6,6,4) TR=(7,6,7,4) BL=(7,7,6,4) BR=(4,1,1,8)
 4 6 │ 3 4 9 6 │ 7 6
 6 4 │ 4 7 3 6 │ 7 4
  ┼────────────────────────┼
 3 4 │ 1 0 5 4 │ 3 1
 4 7 │ 0 5 1 7 │ 1 1
 9 3 │ 5 1 1 5 │ 5 5
 6 6 │ 4 7 5 2 │ 7 2
  ┼────────────────────────┼
 7 7 │ 3 1 5 7 │ 4 1
 6 4 │ 1 1 5 2 │ 1 8

# Square 84  (outer=2579194347, inner=5446167841511)
TL=(4,6,6,6) TR=(9,1,6,8) BL=(9,6,1,8) BR=(9,6,6,2)
 4 6 │ 4 1 8 6 │ 9 1
 6 6 │ 4 4 8 8 │ 6 8
  ┼────────────────────────┼
 4 4 │ 4 0 0 4 │ 9 1
 1 4 │ 0 2 9 4 │ 2 1
 8 8 │ 0 9 6 8 │ 1 1
 6 8 │ 4 4 8 8 │ 6 6
  ┼────────────────────────┼
 9 6 │ 9 2 1 6 │ 9 6
 1 8 │ 1 1 1 6 │ 6 2

# Square 85  (outer=2583177211, inner=5458106384740)
TL=(4,6,6,7) TR=(5,6,9,4) BL=(5,9,6,4) BR=(7,1,1,8)
 4 6 │ 2 5 7 6 │ 5 6
 6 7 │ 6 2 9 8 │ 9 4
  ┼────────────────────────┼
 2 6 │ 1 0 6 6 │ 4 1
 5 2 │ 0 5 7 2 │ 1 1
 7 9 │ 6 7 1 5 │ 8 5
 6 8 │ 6 2 5 6 │ 9 2
  ┼────────────────────────┼
 5 9 │ 4 1 8 9 │ 7 1
 6 4 │ 1 1 5 2 │ 1 8

# Square 86  (outer=2588030537, inner=5473248836010)
TL=(4,6,6,8) TR=(2,8,1,7) BL=(2,1,8,7) BR=(9,2,2,5)
 4 6 │ 1 2 8 8 │ 2 8
 6 8 │ 1 1 5 6 │ 1 7
  ┼────────────────────────┼
 1 1 │ 0 1 3 2 │ 1 2
 2 1 │ 1 9 1 1 │ 9 1
 8 5 │ 3 1 4 5 │ 3 7
 8 6 │ 2 1 5 0 │ 2 5
  ┼────────────────────────┼
 2 1 │ 1 9 3 2 │ 9 2
 8 7 │ 2 1 7 5 │ 2 5

# Square 87  (outer=2588582598, inner=5474817793662)
TL=(4,6,6,8) TR=(3,4,1,7) BL=(3,1,4,7) BR=(8,2,2,5)
 4 6 │ 1 5 6 4 │ 3 4
 6 8 │ 1 1 5 6 │ 1 7
  ┼────────────────────────┼
 1 1 │ 0 2 3 1 │ 2 1
 5 1 │ 2 6 0 1 │ 5 1
 6 5 │ 3 0 5 5 │ 4 7
 4 6 │ 1 1 5 0 │ 2 5
  ┼────────────────────────┼
 3 1 │ 2 5 4 2 │ 8 2
 4 7 │ 1 1 7 5 │ 2 5

# Square 88  (outer=2595341414, inner=5494107673266)
TL=(4,6,6,9) TR=(2,8,1,7) BL=(2,1,8,7) BR=(7,4,4,2)
 4 6 │ 1 2 8 8 │ 2 8
 6 9 │ 1 1 7 3 │ 1 7
  ┼────────────────────────┼
 1 1 │ 0 1 4 3 │ 1 3
 2 1 │ 1 1 7 6 │ 5 6
 8 7 │ 4 7 8 5 │ 5 5
 8 3 │ 3 6 5 2 │ 4 4
  ┼────────────────────────┼
 2 1 │ 1 5 5 4 │ 7 4
 8 7 │ 3 6 5 4 │ 4 2

# Square 89  (outer=2600372260, inner=5509884408434)
TL=(4,6,6,9) TR=(7,8,1,7) BL=(7,1,8,7) BR=(4,4,4,2)
 4 6 │ 3 5 8 8 │ 7 8
 6 9 │ 1 1 7 3 │ 1 7
  ┼────────────────────────┼
 3 1 │ 1 0 2 3 │ 3 3
 5 1 │ 0 8 1 6 │ 1 6
 8 7 │ 2 1 7 5 │ 2 5
 8 3 │ 3 6 5 2 │ 4 4
  ┼────────────────────────┼
 7 1 │ 3 1 2 4 │ 4 4
 8 7 │ 3 6 5 4 │ 4 2

# Square 90  (outer=2600531881, inner=5510384979939)
TL=(4,6,6,9) TR=(7,8,8,2) BL=(7,8,8,2) BR=(6,2,2,3)
 4 6 │ 3 5 8 8 │ 7 8
 6 9 │ 5 6 5 8 │ 8 2
  ┼────────────────────────┼
 3 5 │ 1 4 3 5 │ 4 1
 5 6 │ 4 9 2 8 │ 8 8
 8 5 │ 3 2 3 0 │ 3 8
 8 8 │ 5 8 0 8 │ 6 6
  ┼────────────────────────┼
 7 8 │ 4 8 3 6 │ 6 2
 8 2 │ 1 8 8 6 │ 2 3

# Square 91  (outer=2631529543, inner=5607254342710)
TL=(4,6,7,5) TR=(3,2,2,3) BL=(8,2,2,1) BR=(4,7,6,5)
 4 6 │ 1 4 7 2 │ 3 2
 7 5 │ 1 7 2 5 │ 2 3
  ┼────────────────────────┼
 3 1 │ 0 3 4 1 │ 1 1
 8 3 │ 3 9 0 1 │ 4 7
 5 6 │ 4 0 3 2 │ 7 2
 4 5 │ 1 1 2 5 │ 2 5
  ┼────────────────────────┼
 8 2 │ 3 8 5 4 │ 4 7
 2 1 │ 1 3 6 5 │ 6 5

# Square 92  (outer=2743411280, inner=5938099644677)
TL=(4,6,9,3) TR=(3,4,4,5) BL=(2,9,9,2) BR=(4,9,6,3)
 4 6 │ 1 5 6 4 │ 3 4
 9 3 │ 4 1 8 5 │ 4 5
  ┼────────────────────────┼
 1 5 │ 0 2 1 0 │ 1 4
 4 7 │ 2 3 9 7 │ 5 1
 2 9 │ 1 9 7 2 │ 6 8
 1 6 │ 0 7 2 0 │ 4 5
  ┼────────────────────────┼
 2 9 │ 1 4 2 1 │ 4 9
 9 2 │ 5 7 9 6 │ 6 3

# Square 93  (outer=2880864907, inner=6352669955655)
TL=(4,7,3,4) TR=(2,5,5,1) BL=(4,6,6,1) BR=(4,3,7,4)
 4 7 │ 1 1 7 5 │ 2 5
 3 4 │ 1 7 3 4 │ 5 1
  ┼────────────────────────┼
 1 4 │ 0 1 5 4 │ 1 1
 9 5 │ 1 6 1 5 │ 1 7
 7 1 │ 5 1 8 3 │ 7 3
 8 4 │ 4 5 3 6 │ 5 4
  ┼────────────────────────┼
 4 6 │ 1 9 7 8 │ 4 3
 6 1 │ 4 5 1 4 │ 7 4

# Square 94  (outer=2941387323, inner=6538331607605)
TL=(4,7,4,3) TR=(8,9,9,6) BL=(6,4,4,9) BR=(4,4,7,3)
 4 7 │ 4 1 8 3 │ 8 9
 4 3 │ 4 1 2 8 │ 9 6
  ┼────────────────────────┼
 2 3 │ 1 0 1 2 │ 4 4
 8 5 │ 0 9 3 5 │ 1 1
 1 7 │ 1 3 9 4 │ 8 2
 6 7 │ 2 5 4 6 │ 3 8
  ┼────────────────────────┼
 6 4 │ 2 8 1 6 │ 4 4
 4 9 │ 3 5 7 7 │ 7 3

# Square 95  (outer=2955518394, inner=6573920247958)
TL=(4,7,4,6) TR=(3,9,9,6) BL=(5,4,4,8) BR=(4,4,7,6)
 4 7 │ 1 8 3 3 │ 3 9
 4 6 │ 4 4 1 6 │ 9 6
  ┼────────────────────────┼
 2 3 │ 0 3 2 2 │ 1 4
 3 6 │ 3 0 2 4 │ 8 4
 7 4 │ 2 2 9 4 │ 3 1
 6 8 │ 2 4 4 8 │ 3 6
  ┼────────────────────────┼
 5 4 │ 2 3 7 6 │ 4 4
 4 8 │ 3 6 4 8 │ 7 6

# Square 96  (outer=3087309977, inner=6877760334824)
TL=(4,7,6,5) TR=(8,2,2,1) BL=(3,2,2,3) BR=(4,6,7,5)
 4 7 │ 3 8 5 4 │ 8 2
 6 5 │ 1 3 6 5 │ 2 1
  ┼────────────────────────┼
 1 1 │ 0 3 4 1 │ 3 1
 4 7 │ 3 9 0 1 │ 8 3
 7 2 │ 4 0 3 2 │ 5 6
 2 5 │ 1 1 2 5 │ 4 5
  ┼────────────────────────┼
 3 2 │ 1 4 7 2 │ 4 6
 2 3 │ 1 7 2 5 │ 7 5

# Square 97  (outer=3122711748, inner=6981509638299)
TL=(4,7,7,1) TR=(2,6,2,5) BL=(2,2,6,5) BR=(7,2,2,1)
 4 7 │ 1 2 2 2 │ 2 6
 7 1 │ 1 7 7 5 │ 2 5
  ┼────────────────────────┼
 1 1 │ 0 1 2 1 │ 1 1
 2 7 │ 1 4 3 1 │ 5 3
 2 7 │ 2 3 2 2 │ 8 6
 2 5 │ 1 1 2 5 │ 4 5
  ┼────────────────────────┼
 2 2 │ 1 5 8 4 │ 7 2
 6 5 │ 1 3 6 5 │ 2 1

# Square 98  (outer=3127171598, inner=6996744487807)
TL=(4,7,7,1) TR=(6,9,4,7) BL=(6,4,9,7) BR=(5,4,4,7)
 4 7 │ 3 2 4 3 │ 6 9
 7 1 │ 3 3 3 7 │ 4 7
  ┼────────────────────────┼
 3 3 │ 1 1 2 2 │ 3 4
 2 3 │ 1 0 3 5 │ 4 5
 4 3 │ 2 3 6 5 │ 5 5
 3 7 │ 2 5 5 3 │ 6 9
  ┼────────────────────────┼
 6 4 │ 3 4 5 6 │ 5 4
 9 7 │ 4 5 5 9 │ 4 7

# Square 99  (outer=3127784635, inner=6998838622471)
TL=(4,7,7,1) TR=(7,4,8,7) BL=(7,8,4,7) BR=(8,4,4,5)
 4 7 │ 3 4 7 8 │ 7 4
 7 1 │ 6 1 7 7 │ 8 7
  ┼────────────────────────┼
 3 6 │ 2 2 3 2 │ 6 2
 4 1 │ 2 0 9 1 │ 5 1
 7 7 │ 3 9 2 7 │ 5 1
 8 7 │ 2 1 7 5 │ 2 5
  ┼────────────────────────┼
 7 8 │ 6 5 5 2 │ 8 4
 4 7 │ 2 1 1 5 │ 4 5

# DONE: found=99  outer=3147706101  inner=7064161647050  time=128801s
