# Searching TL indices [0, 546)
# Square 1  (outer=1248718, inner=255851966)
TL=(1,2,2,3) TR=(9,3,7,2) BL=(9,7,3,2) BR=(9,6,6,1)
 1 2 │ 1 1 1 6 │ 9 3
 2 3 │ 1 6 5 6 │ 7 2
  ┼────────────────────────┼
 1 1 │ 1 0 0 1 │ 9 1
 1 6 │ 0 6 2 4 │ 3 9
 1 5 │ 0 2 2 5 │ 1 5
 6 6 │ 1 4 5 2 │ 2 2
  ┼────────────────────────┼
 9 7 │ 9 3 1 2 │ 9 6
 3 2 │ 1 9 5 2 │ 6 1

# Square 2  (outer=233492908, inner=198392848388)
TL=(1,4,4,3) TR=(9,1,8,8) BL=(9,8,1,8) BR=(1,6,6,2)
 1 4 │ 1 2 7 4 │ 9 1
 4 3 │ 3 7 8 4 │ 8 8
  ┼────────────────────────┼
 1 3 │ 0 1 4 3 │ 1 1
 2 7 │ 1 3 7 7 │ 5 1
 7 8 │ 4 7 5 8 │ 6 1
 4 4 │ 3 7 8 4 │ 8 6
  ┼────────────────────────┼
 9 8 │ 1 5 6 8 │ 1 6
 1 8 │ 1 1 1 6 │ 6 2

# Square 3  (outer=242640512, inner=204683430898)
TL=(1,4,4,8) TR=(9,4,6,1) BL=(9,6,4,1) BR=(9,6,6,5)
 1 4 │ 1 3 1 6 │ 9 4
 4 8 │ 2 9 2 8 │ 6 1
  ┼────────────────────────┼
 1 2 │ 1 1 0 4 │ 9 2
 3 9 │ 1 0 1 4 │ 2 6
 1 2 │ 0 1 9 2 │ 1 6
 6 8 │ 4 4 2 0 │ 6 5
  ┼────────────────────────┼
 9 6 │ 9 2 1 6 │ 9 6
 4 1 │ 2 6 6 5 │ 6 5

# Square 4  (outer=311137610, inner=280648547040)
TL=(1,4,8,4) TR=(9,9,9,7) BL=(9,7,7,9) BR=(1,8,4,4)
 1 4 │ 1 3 8 6 │ 9 9
 8 4 │ 8 1 4 8 │ 9 7
  ┼────────────────────────┼
 1 3 │ 0 2 3 4 │ 1 8
 7 4 │ 2 2 9 4 │ 3 1
 4 7 │ 3 9 4 8 │ 8 4
 6 6 │ 4 4 8 8 │ 6 8
  ┼────────────────────────┼
 9 7 │ 1 7 4 6 │ 1 8
 7 9 │ 3 4 7 6 │ 4 4

# Square 5  (outer=380871204, inner=353273942589)
TL=(1,5,5,1) TR=(7,5,9,2) BL=(7,9,5,2) BR=(9,6,6,2)
 1 5 │ 1 1 2 5 │ 7 5
 5 1 │ 4 6 9 2 │ 9 2
  ┼────────────────────────┼
 1 4 │ 1 0 2 2 │ 7 3
 1 6 │ 0 8 3 2 │ 5 2
 2 9 │ 2 3 7 8 │ 8 2
 5 2 │ 2 2 8 8 │ 4 4
  ┼────────────────────────┼
 7 9 │ 7 5 8 4 │ 9 6
 5 2 │ 3 2 2 4 │ 6 2

# Square 6  (outer=382567569, inner=354556395168)
TL=(1,5,5,1) TR=(9,9,2,4) BL=(9,2,9,4) BR=(4,2,2,8)
 1 5 │ 1 4 8 5 │ 9 9
 5 1 │ 1 2 2 4 │ 2 4
  ┼────────────────────────┼
 1 1 │ 0 3 5 2 │ 3 2
 4 2 │ 3 6 1 2 │ 8 6
 8 2 │ 5 1 6 6 │ 6 3
 5 4 │ 2 2 6 8 │ 4 2
  ┼────────────────────────┼
 9 2 │ 3 8 6 4 │ 4 2
 9 4 │ 2 6 3 2 │ 2 8

# Square 7  (outer=386015139, inner=356823068252)
TL=(1,5,5,3) TR=(9,7,2,4) BL=(9,2,7,4) BR=(4,1,1,7)
 1 5 │ 1 4 5 5 │ 9 7
 5 3 │ 1 2 7 2 │ 2 4
  ┼────────────────────────┼
 1 1 │ 0 3 4 1 │ 3 1
 4 2 │ 3 0 2 4 │ 7 2
 5 7 │ 4 2 7 5 │ 7 5
 5 2 │ 1 4 5 6 │ 2 8
  ┼────────────────────────┼
 9 2 │ 3 7 7 2 │ 4 1
 7 4 │ 1 2 5 8 │ 1 7

# Square 8  (outer=386582215, inner=357205756467)
TL=(1,5,5,4) TR=(7,7,3,3) BL=(7,3,7,3) BR=(2,6,6,4)
 1 5 │ 1 1 5 5 │ 7 7
 5 4 │ 1 7 8 2 │ 3 3
  ┼────────────────────────┼
 1 1 │ 0 1 5 4 │ 1 4
 1 7 │ 1 4 6 2 │ 8 6
 5 8 │ 5 6 2 6 │ 9 7
 5 2 │ 4 2 6 4 │ 8 2
  ┼────────────────────────┼
 7 3 │ 1 8 9 8 │ 2 6
 7 3 │ 4 6 7 2 │ 6 4

# Square 9  (outer=569776424, inner=539097530251)
TL=(1,6,6,2) TR=(9,8,1,8) BL=(9,1,8,8) BR=(1,4,4,3)
 1 6 │ 1 5 6 8 │ 9 8
 6 2 │ 1 1 1 6 │ 1 8
  ┼────────────────────────┼
 1 1 │ 0 1 4 3 │ 1 3
 5 1 │ 1 3 7 7 │ 2 7
 6 1 │ 4 7 5 8 │ 7 8
 8 6 │ 3 7 8 4 │ 4 4
  ┼────────────────────────┼
 9 1 │ 1 2 7 4 │ 1 4
 8 8 │ 3 7 8 4 │ 4 3

# Square 10  (outer=575289917, inner=546059576147)
TL=(1,6,6,4) TR=(8,6,1,8) BL=(8,1,6,8) BR=(3,4,4,2)
 1 6 │ 1 3 7 6 │ 8 6
 6 4 │ 1 1 5 2 │ 1 8
  ┼────────────────────────┼
 1 1 │ 0 2 4 2 │ 2 2
 3 1 │ 2 4 1 8 │ 7 8
 7 5 │ 4 1 2 5 │ 5 5
 6 2 │ 2 8 5 2 │ 4 6
  ┼────────────────────────┼
 8 1 │ 2 7 5 4 │ 3 4
 6 8 │ 2 8 5 6 │ 4 2

# Square 11  (outer=578083375, inner=548768288022)
TL=(1,6,6,5) TR=(8,9,7,1) BL=(8,7,9,1) BR=(9,7,7,4)
 1 6 │ 1 4 2 4 │ 8 9
 6 5 │ 4 6 1 5 │ 7 1
  ┼────────────────────────┼
 1 4 │ 1 2 0 4 │ 8 6
 4 6 │ 2 1 6 2 │ 4 7
 2 1 │ 0 6 9 3 │ 3 3
 4 5 │ 4 2 3 0 │ 9 4
  ┼────────────────────────┼
 8 7 │ 8 4 3 9 │ 9 7
 9 1 │ 6 7 3 4 │ 7 4

# Square 12  (outer=589457462, inner=563047051970)
TL=(1,6,6,9) TR=(7,3,4,7) BL=(7,4,3,7) BR=(2,7,7,9)
 1 6 │ 1 1 6 8 │ 7 3
 6 9 │ 3 2 4 3 │ 4 7
  ┼────────────────────────┼
 1 3 │ 0 1 5 6 │ 1 2
 1 2 │ 1 1 8 8 │ 9 9
 6 4 │ 5 8 8 8 │ 9 2
 8 3 │ 6 8 8 9 │ 8 3
  ┼────────────────────────┼
 7 4 │ 1 9 9 8 │ 2 7
 3 7 │ 2 9 2 3 │ 7 9

# Square 13  (outer=605379593, inner=588321326432)
TL=(1,6,7,4) TR=(8,6,6,4) BL=(8,1,1,8) BR=(1,7,6,4)
 1 6 │ 1 3 7 6 │ 8 6
 7 4 │ 4 7 3 6 │ 6 4
  ┼────────────────────────┼
 1 1 │ 0 1 5 4 │ 1 4
 3 1 │ 1 1 4 7 │ 3 7
 7 5 │ 5 4 7 5 │ 7 3
 7 2 │ 4 7 5 2 │ 6 6
  ┼────────────────────────┼
 8 1 │ 1 3 7 7 │ 1 7
 1 8 │ 1 1 5 2 │ 6 4

# Square 14  (outer=839983213, inner=836900874488)
TL=(1,7,6,4) TR=(8,1,1,8) BL=(8,6,6,4) BR=(1,6,7,4)
 1 7 │ 1 3 7 7 │ 8 1
 6 4 │ 1 1 5 2 │ 1 8
  ┼────────────────────────┼
 1 4 │ 0 1 5 4 │ 1 1
 3 7 │ 1 1 4 7 │ 3 1
 7 3 │ 5 4 7 5 │ 7 5
 6 6 │ 4 7 5 2 │ 7 2
  ┼────────────────────────┼
 8 6 │ 1 3 7 6 │ 1 6
 6 4 │ 4 7 3 6 │ 7 4

# Square 15  (outer=879679473, inner=893691404341)
TL=(1,7,7,3) TR=(9,8,3,2) BL=(9,3,8,2) BR=(5,3,3,8)
 1 7 │ 1 6 6 6 │ 9 8
 7 3 │ 2 3 3 6 │ 3 2
  ┼────────────────────────┼
 1 2 │ 0 5 1 6 │ 4 3
 6 3 │ 5 7 3 3 │ 9 1
 6 3 │ 1 3 2 3 │ 2 1
 6 6 │ 6 3 3 6 │ 9 6
  ┼────────────────────────┼
 9 3 │ 4 9 2 9 │ 5 3
 8 2 │ 3 1 1 6 │ 3 8

# Square 16  (outer=881551447, inner=896783450432)
TL=(1,7,7,4) TR=(7,6,9,3) BL=(7,9,6,3) BR=(7,9,9,4)
 1 7 │ 1 2 9 2 │ 7 6
 7 4 │ 6 8 8 2 │ 9 3
  ┼────────────────────────┼
 1 6 │ 1 0 4 0 │ 6 5
 2 8 │ 0 8 1 2 │ 2 9
 9 8 │ 4 1 1 6 │ 4 2
 2 2 │ 0 2 6 4 │ 1 2
  ┼────────────────────────┼
 7 9 │ 6 2 4 1 │ 7 9
 6 3 │ 5 9 2 2 │ 9 4

# DONE: found=16  outer=892930959  inner=913832637222  time=18316s
