# Searching TL indices [1092, 1638)
# Square 1  (outer=2374106, inner=3271517591)
TL=(2,5,5,4) TR=(7,7,9,9) BL=(7,9,7,9) BR=(3,1,1,5)
 2 5 │ 1 9 2 5 │ 7 7
 5 4 │ 5 3 4 6 │ 9 9
  ┼────────────────────────┼
 1 5 │ 0 3 1 5 │ 2 1
 9 3 │ 3 8 1 3 │ 4 1
 2 4 │ 1 1 5 2 │ 4 8
 5 6 │ 5 3 2 0 │ 9 5
  ┼────────────────────────┼
 7 9 │ 2 4 4 9 │ 3 1
 7 9 │ 1 1 8 5 │ 1 5

# Square 2  (outer=10497935, inner=13256071176)
TL=(2,5,5,7) TR=(5,5,3,2) BL=(5,3,5,2) BR=(7,5,5,1)
 2 5 │ 1 3 7 5 │ 5 5
 5 7 │ 1 8 2 4 │ 3 2
  ┼────────────────────────┼
 1 1 │ 0 3 5 2 │ 3 2
 3 8 │ 3 6 4 8 │ 9 6
 7 2 │ 5 4 0 0 │ 7 5
 5 4 │ 2 8 0 8 │ 5 2
  ┼────────────────────────┼
 5 3 │ 3 9 7 5 │ 7 5
 5 2 │ 2 6 5 2 │ 5 1

# Square 3  (outer=10994645, inner=13992195584)
TL=(2,5,5,7) TR=(6,1,5,7) BL=(6,5,1,7) BR=(5,9,9,5)
 2 5 │ 1 5 2 5 │ 6 1
 5 7 │ 3 2 4 9 │ 5 7
  ┼────────────────────────┼
 1 3 │ 0 4 0 3 │ 3 1
 5 2 │ 4 4 7 2 │ 8 6
 2 4 │ 0 7 4 4 │ 3 1
 5 9 │ 3 2 4 5 │ 5 5
  ┼────────────────────────┼
 6 5 │ 3 8 3 5 │ 5 9
 1 7 │ 1 6 1 5 │ 9 5

# Square 4  (outer=12276331, inner=15891654730)
TL=(2,5,5,7) TR=(7,9,2,9) BL=(7,2,9,9) BR=(3,3,3,2)
 2 5 │ 1 9 7 5 │ 7 9
 5 7 │ 1 6 5 3 │ 2 9
  ┼────────────────────────┼
 1 1 │ 0 2 5 3 │ 2 3
 9 6 │ 2 9 7 6 │ 3 1
 7 5 │ 5 7 0 0 │ 7 6
 5 3 │ 3 6 0 4 │ 6 8
  ┼────────────────────────┼
 7 2 │ 2 3 7 6 │ 3 3
 9 9 │ 3 1 6 8 │ 3 2

# Square 5  (outer=99041560, inner=209482697051)
TL=(2,5,8,2) TR=(7,3,3,8) BL=(8,8,8,8) BR=(2,8,5,2)
 2 5 │ 1 8 2 5 │ 7 3
 8 2 │ 3 1 1 6 │ 3 8
  ┼────────────────────────┼
 2 4 │ 0 3 1 2 │ 1 3
 4 5 │ 3 6 4 5 │ 8 1
 6 7 │ 1 4 0 7 │ 2 1
 4 6 │ 2 5 7 6 │ 5 6
  ┼────────────────────────┼
 8 8 │ 2 4 6 4 │ 2 8
 8 8 │ 4 5 7 6 │ 5 2

# Square 6  (outer=133068644, inner=285852984213)
TL=(2,5,9,1) TR=(9,5,5,1) BL=(6,6,6,4) BR=(2,9,5,1)
 2 5 │ 2 3 7 5 │ 9 5
 9 1 │ 4 6 4 1 │ 5 1
  ┼────────────────────────┼
 1 3 │ 0 3 1 2 │ 2 4
 9 2 │ 3 3 1 2 │ 3 6
 1 6 │ 1 1 8 4 │ 7 4
 4 4 │ 2 2 4 4 │ 5 1
  ┼────────────────────────┼
 6 6 │ 1 9 1 4 │ 2 9
 6 4 │ 3 2 6 4 │ 5 1

# Square 7  (outer=181818253, inner=401304690448)
TL=(2,6,1,9) TR=(7,6,6,8) BL=(5,5,5,5) BR=(2,1,6,9)
 2 6 │ 1 9 7 6 │ 7 6
 1 9 │ 1 2 9 2 │ 6 8
  ┼────────────────────────┼
 1 3 │ 0 1 4 3 │ 1 1
 1 7 │ 1 5 6 4 │ 9 2
 5 9 │ 4 6 6 1 │ 7 9
 5 5 │ 3 4 1 0 │ 6 2
  ┼────────────────────────┼
 5 5 │ 1 1 5 5 │ 2 1
 5 5 │ 3 7 9 5 │ 6 9

# Square 8  (outer=198227085, inner=432094973462)
TL=(2,6,2,5) TR=(4,7,7,1) BL=(7,2,2,1) BR=(2,2,6,5)
 2 6 │ 1 2 2 2 │ 4 7
 2 5 │ 1 7 7 5 │ 7 1
  ┼────────────────────────┼
 1 1 │ 0 1 2 1 │ 1 1
 5 3 │ 1 4 3 1 │ 2 7
 8 6 │ 2 3 2 2 │ 2 7
 4 5 │ 1 1 2 5 │ 2 5
  ┼────────────────────────┼
 7 2 │ 1 5 8 4 │ 2 2
 2 1 │ 1 3 6 5 │ 6 5

# Square 9  (outer=206837918, inner=446075986847)
TL=(2,6,2,7) TR=(6,7,7,1) BL=(5,4,4,1) BR=(2,2,6,7)
 2 6 │ 1 7 4 2 │ 6 7
 2 7 │ 1 9 1 7 │ 7 1
  ┼────────────────────────┼
 1 2 │ 0 1 3 2 │ 1 1
 1 7 │ 1 3 4 3 │ 7 9
 8 4 │ 3 4 4 4 │ 4 1
 8 7 │ 2 3 4 9 │ 2 7
  ┼────────────────────────┼
 5 4 │ 1 1 8 8 │ 2 2
 4 1 │ 2 7 4 7 │ 6 7

# Square 10  (outer=297687205, inner=632896284252)
TL=(2,6,4,7) TR=(9,4,4,6) BL=(7,8,8,9) BR=(2,4,6,7)
 2 6 │ 2 4 4 4 │ 9 4
 4 7 │ 2 1 6 2 │ 4 6
  ┼────────────────────────┼
 1 5 │ 0 3 3 0 │ 2 2
 8 9 │ 3 6 4 9 │ 4 1
 7 6 │ 3 4 9 6 │ 4 6
 2 3 │ 0 9 6 6 │ 4 2
  ┼────────────────────────┼
 7 8 │ 1 8 7 2 │ 2 4
 8 9 │ 5 9 6 3 │ 6 7

# Square 11  (outer=373578236, inner=762462203421)
TL=(2,6,6,3) TR=(4,9,2,3) BL=(4,2,9,3) BR=(4,1,1,7)
 2 6 │ 1 2 7 4 │ 4 9
 6 3 │ 1 4 4 9 │ 2 3
  ┼────────────────────────┼
 1 1 │ 0 1 2 1 │ 1 1
 2 4 │ 1 8 0 0 │ 7 5
 7 4 │ 2 0 7 2 │ 2 8
 4 9 │ 1 0 2 9 │ 2 1
  ┼────────────────────────┼
 4 2 │ 1 7 2 2 │ 4 1
 9 3 │ 1 5 8 1 │ 1 7

# Square 12  (outer=375029463, inner=765945148856)
TL=(2,6,6,3) TR=(6,4,7,4) BL=(6,7,4,4) BR=(3,8,8,3)
 2 6 │ 1 6 6 4 │ 6 4
 6 3 │ 4 6 6 2 │ 7 4
  ┼────────────────────────┼
 1 4 │ 0 3 2 2 │ 2 3
 6 6 │ 3 6 9 6 │ 5 6
 6 6 │ 2 9 7 0 │ 4 5
 4 2 │ 2 6 0 4 │ 6 2
  ┼────────────────────────┼
 6 7 │ 2 5 4 6 │ 3 8
 4 4 │ 3 6 5 2 │ 8 3

# Square 13  (outer=380979509, inner=779691164974)
TL=(2,6,6,4) TR=(6,3,7,3) BL=(6,7,3,3) BR=(5,5,5,4)
 2 6 │ 1 6 3 8 │ 6 3
 6 4 │ 4 6 7 2 │ 7 3
  ┼────────────────────────┼
 1 4 │ 0 4 3 4 │ 3 1
 6 6 │ 4 4 2 2 │ 6 7
 3 7 │ 3 2 5 6 │ 8 8
 8 2 │ 4 2 6 4 │ 5 2
  ┼────────────────────────┼
 6 7 │ 3 6 8 5 │ 5 5
 3 3 │ 1 7 8 2 │ 5 4

# Square 14  (outer=382125522, inner=782120712958)
TL=(2,6,6,4) TR=(7,3,7,3) BL=(7,7,3,3) BR=(1,5,5,4)
 2 6 │ 1 8 9 8 │ 7 3
 6 4 │ 4 6 7 2 │ 7 3
  ┼────────────────────────┼
 1 4 │ 0 1 5 4 │ 1 1
 8 6 │ 1 4 6 2 │ 1 7
 9 7 │ 5 6 2 6 │ 5 8
 8 2 │ 4 2 6 4 │ 5 2
  ┼────────────────────────┼
 7 7 │ 1 1 5 5 │ 1 5
 3 3 │ 1 7 8 2 │ 5 4

# Square 15  (outer=397667015, inner=813848708988)
TL=(2,6,6,7) TR=(7,6,3,9) BL=(7,3,6,9) BR=(4,7,7,7)
 2 6 │ 1 9 7 6 │ 7 6
 6 7 │ 2 6 1 3 │ 3 9
  ┼────────────────────────┼
 1 2 │ 0 4 2 0 │ 3 5
 9 6 │ 4 1 2 8 │ 4 3
 7 1 │ 2 2 0 1 │ 3 1
 6 3 │ 0 8 1 9 │ 1 3
  ┼────────────────────────┼
 7 3 │ 3 4 3 1 │ 4 7
 6 9 │ 5 3 1 3 │ 7 7

# Square 16  (outer=409875293, inner=843558781887)
TL=(2,6,6,9) TR=(6,8,3,9) BL=(6,3,8,9) BR=(3,9,9,3)
 2 6 │ 1 7 6 8 │ 6 8
 6 9 │ 2 6 9 1 │ 3 9
  ┼────────────────────────┼
 1 2 │ 0 3 3 6 │ 2 8
 7 6 │ 3 1 9 2 │ 4 2
 6 9 │ 3 9 3 3 │ 5 7
 8 1 │ 6 2 3 7 │ 7 7
  ┼────────────────────────┼
 6 3 │ 2 4 5 7 │ 3 9
 8 9 │ 8 2 7 7 │ 9 3

# Square 17  (outer=413123476, inner=851874131584)
TL=(2,6,6,9) TR=(9,7,4,1) BL=(9,4,7,1) BR=(5,8,8,1)
 2 6 │ 2 5 2 2 │ 9 7
 6 9 │ 2 8 2 9 │ 4 1
  ┼────────────────────────┼
 2 2 │ 1 2 1 0 │ 5 5
 5 8 │ 2 7 2 6 │ 4 7
 2 2 │ 1 2 1 0 │ 5 5
 2 9 │ 0 6 0 9 │ 2 1
  ┼────────────────────────┼
 9 4 │ 5 4 5 2 │ 5 8
 7 1 │ 5 7 5 1 │ 8 1

# Square 18  (outer=416865664, inner=861756445316)
TL=(2,6,7,1) TR=(7,2,2,6) BL=(8,4,4,8) BR=(2,7,6,1)
 2 6 │ 1 8 7 2 │ 7 2
 7 1 │ 1 8 4 6 │ 2 6
  ┼────────────────────────┼
 2 2 │ 0 2 4 2 │ 1 1
 2 9 │ 2 5 5 2 │ 8 8
 6 2 │ 4 5 8 8 │ 7 4
 8 8 │ 2 2 8 8 │ 2 6
  ┼────────────────────────┼
 8 4 │ 2 2 6 8 │ 2 7
 4 8 │ 2 9 2 8 │ 6 1

# Square 19  (outer=581684336, inner=1270286711880)
TL=(2,7,1,4) TR=(4,8,8,9) BL=(7,3,3,6) BR=(2,1,7,4)
 2 7 │ 1 2 9 6 │ 4 8
 1 4 │ 1 2 4 6 │ 8 9
  ┼────────────────────────┼
 1 2 │ 0 1 3 2 │ 1 1
 5 6 │ 1 2 3 2 │ 2 2
 3 6 │ 3 3 8 4 │ 9 4
 3 4 │ 2 2 4 4 │ 6 6
  ┼────────────────────────┼
 7 3 │ 1 5 3 3 │ 2 1
 3 6 │ 2 6 6 4 │ 7 4

# Square 20  (outer=648722341, inner=1403654911588)
TL=(2,7,3,2) TR=(9,7,7,7) BL=(6,6,6,3) BR=(2,3,7,2)
 2 7 │ 2 6 1 9 │ 9 7
 3 2 │ 2 4 6 4 │ 7 7
  ┼────────────────────────┼
 1 4 │ 0 3 0 8 │ 2 2
 5 5 │ 3 5 2 0 │ 6 4
 1 3 │ 0 2 0 8 │ 1 6
 8 6 │ 8 0 8 4 │ 9 4
  ┼────────────────────────┼
 6 6 │ 1 5 1 8 │ 2 3
 6 3 │ 4 5 3 6 │ 7 2

# Square 21  (outer=660201010, inner=1428963464500)
TL=(2,7,3,5) TR=(4,4,4,9) BL=(6,9,9,3) BR=(2,3,7,5)
 2 7 │ 1 1 8 8 │ 4 4
 3 5 │ 1 7 1 5 │ 4 9
  ┼────────────────────────┼
 1 6 │ 0 1 7 6 │ 1 1
 5 9 │ 1 0 0 3 │ 1 7
 8 7 │ 7 0 4 7 │ 8 1
 7 5 │ 6 3 7 5 │ 8 5
  ┼────────────────────────┼
 6 9 │ 1 5 8 7 │ 2 3
 9 3 │ 6 9 7 5 │ 7 5

# Square 22  (outer=668456557, inner=1444619534032)
TL=(2,7,3,6) TR=(9,5,5,9) BL=(7,8,8,2) BR=(2,3,7,6)
 2 7 │ 2 5 6 5 │ 9 5
 3 6 │ 2 1 2 4 │ 5 9
  ┼────────────────────────┼
 1 6 │ 0 3 5 2 │ 2 2
 7 2 │ 3 6 7 2 │ 5 1
 9 3 │ 5 7 6 6 │ 6 2
 4 2 │ 2 2 6 8 │ 5 4
  ┼────────────────────────┼
 7 8 │ 1 7 9 4 │ 2 3
 8 2 │ 6 2 3 2 │ 7 6

# Square 23  (outer=730874195, inner=1578599476277)
TL=(2,7,4,8) TR=(7,2,2,6) BL=(5,4,4,1) BR=(2,4,7,8)
 2 7 │ 1 9 4 4 │ 7 2
 4 8 │ 1 2 4 8 │ 2 6
  ┼────────────────────────┼
 1 3 │ 0 1 4 3 │ 1 1
 2 1 │ 1 9 3 2 │ 9 2
 9 9 │ 4 3 5 6 │ 4 4
 6 8 │ 3 2 6 4 │ 4 8
  ┼────────────────────────┼
 5 4 │ 1 2 9 6 │ 2 4
 4 1 │ 3 1 9 8 │ 7 8

# Square 24  (outer=802185741, inner=1696711182222)
TL=(2,7,6,1) TR=(8,4,4,8) BL=(7,2,2,6) BR=(2,6,7,1)
 2 7 │ 2 2 6 8 │ 8 4
 6 1 │ 2 9 2 8 │ 4 8
  ┼────────────────────────┼
 1 1 │ 0 2 4 2 │ 2 2
 8 8 │ 2 5 5 2 │ 2 9
 7 4 │ 4 5 8 8 │ 6 2
 2 6 │ 2 2 8 8 │ 8 8
  ┼────────────────────────┼
 7 2 │ 1 8 7 2 │ 2 6
 2 6 │ 1 8 4 6 │ 7 1

# Square 25  (outer=857638654, inner=1825633858310)
TL=(2,7,7,1) TR=(4,9,8,3) BL=(4,8,9,3) BR=(3,4,4,5)
 2 7 │ 1 3 2 3 │ 4 9
 7 1 │ 5 8 9 3 │ 8 3
  ┼────────────────────────┼
 1 5 │ 0 2 1 0 │ 1 4
 3 8 │ 2 3 1 8 │ 6 1
 2 9 │ 1 1 0 2 │ 3 8
 3 3 │ 0 8 2 5 │ 2 5
  ┼────────────────────────┼
 4 8 │ 1 6 3 2 │ 3 4
 9 3 │ 4 1 8 5 │ 4 5

# Square 26  (outer=867400179, inner=1851391300609)
TL=(2,7,7,2) TR=(7,4,4,8) BL=(7,4,4,8) BR=(4,8,8,6)
 2 7 │ 1 9 9 8 │ 7 4
 7 2 │ 3 4 5 6 │ 4 8
  ┼────────────────────────┼
 1 3 │ 0 4 4 2 │ 3 4
 9 4 │ 4 7 9 4 │ 5 1
 9 5 │ 4 9 4 0 │ 5 2
 8 6 │ 2 4 0 8 │ 2 8
  ┼────────────────────────┼
 7 4 │ 3 5 5 2 │ 4 8
 4 8 │ 4 1 2 8 │ 8 6

# Square 27  (outer=868807367, inner=1854874091401)
TL=(2,7,7,2) TR=(8,8,4,4) BL=(8,4,8,4) BR=(2,1,1,4)
 2 7 │ 2 3 7 6 │ 8 8
 7 2 │ 3 1 6 8 │ 4 4
  ┼────────────────────────┼
 2 3 │ 0 2 5 3 │ 1 1
 3 1 │ 2 2 0 1 │ 7 1
 7 6 │ 5 0 9 2 │ 6 7
 6 8 │ 3 1 2 8 │ 4 6
  ┼────────────────────────┼
 8 4 │ 1 7 6 4 │ 2 1
 8 4 │ 1 1 7 6 │ 1 4

# Square 28  (outer=871653167, inner=1862265933975)
TL=(2,7,7,3) TR=(5,1,5,4) BL=(5,5,1,4) BR=(4,9,9,1)
 2 7 │ 1 3 7 7 │ 5 1
 7 3 │ 3 9 4 2 │ 5 4
  ┼────────────────────────┼
 1 3 │ 0 2 7 3 │ 2 1
 3 9 │ 2 4 1 8 │ 6 2
 7 4 │ 7 1 7 8 │ 9 7
 7 2 │ 3 8 8 8 │ 5 4
  ┼────────────────────────┼
 5 5 │ 2 6 9 5 │ 4 9
 1 4 │ 1 2 7 4 │ 9 1

# Square 29  (outer=879980170, inner=1884585468060)
TL=(2,7,7,4) TR=(5,9,9,3) BL=(5,9,9,3) BR=(2,2,2,3)
 2 7 │ 1 5 9 3 │ 5 9
 7 4 │ 6 8 8 2 │ 9 3
  ┼────────────────────────┼
 1 6 │ 0 1 9 2 │ 1 2
 5 8 │ 1 2 1 8 │ 2 1
 9 8 │ 9 1 1 4 │ 9 3
 3 2 │ 2 8 4 8 │ 8 9
  ┼────────────────────────┼
 5 9 │ 1 2 9 8 │ 2 2
 9 3 │ 2 1 3 9 │ 2 3

# Square 30  (outer=897763285, inner=1926925014928)
TL=(2,7,7,7) TR=(5,5,2,8) BL=(5,2,5,8) BR=(2,4,4,8)
 2 7 │ 1 4 8 5 │ 5 5
 7 7 │ 2 1 5 6 │ 2 8
  ┼────────────────────────┼
 1 2 │ 0 1 4 4 │ 1 2
 4 1 │ 1 1 0 7 │ 2 7
 8 5 │ 4 0 8 0 │ 4 8
 5 6 │ 4 7 0 4 │ 8 4
  ┼────────────────────────┼
 5 2 │ 1 2 4 8 │ 2 4
 5 8 │ 2 7 8 4 │ 4 8

# Square 31  (outer=898939957, inner=1930366780990)
TL=(2,7,7,7) TR=(6,4,3,6) BL=(6,3,4,6) BR=(7,5,5,6)
 2 7 │ 1 7 2 8 │ 6 4
 7 7 │ 2 7 7 2 │ 3 6
  ┼────────────────────────┼
 1 2 │ 0 5 0 4 │ 4 2
 7 7 │ 5 7 7 5 │ 7 5
 2 7 │ 0 7 2 9 │ 2 7
 8 2 │ 4 5 9 2 │ 5 6
  ┼────────────────────────┼
 6 3 │ 4 7 2 5 │ 7 5
 4 6 │ 2 5 7 6 │ 5 6

# Square 32  (outer=906534528, inner=1951389738187)
TL=(2,7,7,8) TR=(6,6,2,1) BL=(6,2,6,1) BR=(7,4,4,8)
 2 7 │ 1 7 8 2 │ 6 6
 7 8 │ 1 6 3 8 │ 2 1
  ┼────────────────────────┼
 1 1 │ 0 4 6 2 │ 4 2
 7 6 │ 4 4 8 4 │ 5 9
 8 3 │ 6 8 0 6 │ 8 2
 2 8 │ 2 4 6 4 │ 8 8
  ┼────────────────────────┼
 6 2 │ 4 5 8 8 │ 7 4
 6 1 │ 2 9 2 8 │ 4 8

# Square 33  (outer=913269461, inner=1969251514910)
TL=(2,7,7,9) TR=(6,4,3,7) BL=(6,3,4,7) BR=(7,6,6,9)
 2 7 │ 1 7 2 8 │ 6 4
 7 9 │ 2 9 2 3 │ 3 7
  ┼────────────────────────┼
 1 2 │ 0 5 1 6 │ 4 3
 7 9 │ 5 6 8 8 │ 7 2
 2 2 │ 1 8 4 8 │ 8 4
 8 3 │ 6 8 8 9 │ 8 3
  ┼────────────────────────┼
 6 3 │ 4 7 8 8 │ 7 6
 4 7 │ 3 2 4 3 │ 6 9

# Square 34  (outer=914564785, inner=1972923758954)
TL=(2,7,7,9) TR=(7,4,3,7) BL=(7,3,4,7) BR=(1,6,6,9)
 2 7 │ 1 9 9 8 │ 7 4
 7 9 │ 2 9 2 3 │ 3 7
  ┼────────────────────────┼
 1 2 │ 0 1 5 6 │ 1 3
 9 9 │ 1 1 8 8 │ 1 2
 9 2 │ 5 8 8 8 │ 6 4
 8 3 │ 6 8 8 9 │ 8 3
  ┼────────────────────────┼
 7 3 │ 1 1 6 8 │ 1 6
 4 7 │ 3 2 4 3 │ 6 9

# Square 35  (outer=1049120071, inner=2311882563262)
TL=(2,8,1,7) TR=(4,6,6,8) BL=(9,2,2,5) BR=(2,1,8,7)
 2 8 │ 1 2 8 8 │ 4 6
 1 7 │ 1 1 5 6 │ 6 8
  ┼────────────────────────┼
 1 2 │ 0 1 3 2 │ 1 1
 9 1 │ 1 9 1 1 │ 2 1
 3 7 │ 3 1 4 5 │ 8 5
 2 5 │ 2 1 5 0 │ 8 6
  ┼────────────────────────┼
 9 2 │ 1 9 3 2 │ 2 1
 2 5 │ 2 1 7 5 │ 8 7

# Square 36  (outer=1049122925, inner=2311889055215)
TL=(2,8,1,7) TR=(4,6,6,9) BL=(7,4,4,2) BR=(2,1,8,7)
 2 8 │ 1 2 8 8 │ 4 6
 1 7 │ 1 1 7 3 │ 6 9
  ┼────────────────────────┼
 1 3 │ 0 1 4 3 │ 1 1
 5 6 │ 1 1 7 6 │ 2 1
 5 5 │ 4 7 8 5 │ 8 7
 4 4 │ 3 6 5 2 │ 8 3
  ┼────────────────────────┼
 7 4 │ 1 5 5 4 │ 2 1
 4 2 │ 3 6 5 4 │ 8 7

# Square 37  (outer=1087120361, inner=2387045747890)
TL=(2,8,2,8) TR=(6,7,7,8) BL=(5,2,2,2) BR=(2,2,8,8)
 2 8 │ 1 8 7 6 │ 6 7
 2 8 │ 2 1 8 4 │ 7 8
  ┼────────────────────────┼
 1 1 │ 0 1 3 2 │ 1 2
 1 9 │ 1 5 3 9 │ 8 1
 4 3 │ 3 3 5 4 │ 7 8
 4 6 │ 2 9 4 4 │ 6 4
  ┼────────────────────────┼
 5 2 │ 1 1 4 4 │ 2 2
 2 2 │ 1 9 3 6 │ 8 8

# Square 38  (outer=1134227180, inner=2490062501770)
TL=(2,8,3,9) TR=(5,9,9,4) BL=(5,8,8,2) BR=(2,3,8,9)
 2 8 │ 1 6 5 2 │ 5 9
 3 9 │ 3 6 6 6 │ 9 4
  ┼────────────────────────┼
 1 7 │ 0 2 2 1 │ 1 3
 3 2 │ 2 1 1 2 │ 6 6
 3 9 │ 2 1 8 4 │ 5 6
 4 8 │ 1 2 4 8 │ 2 6
  ┼────────────────────────┼
 5 8 │ 1 3 3 4 │ 2 3
 8 2 │ 7 2 9 8 │ 8 9

# Square 39  (outer=1148654899, inner=2522309575665)
TL=(2,8,4,3) TR=(4,4,4,4) BL=(6,1,1,9) BR=(2,4,8,3)
 2 8 │ 1 2 3 2 │ 4 4
 4 3 │ 1 8 9 2 │ 4 4
  ┼────────────────────────┼
 1 1 │ 0 1 2 1 │ 1 1
 4 5 │ 1 2 6 0 │ 2 8
 6 7 │ 2 6 1 3 │ 3 9
 4 7 │ 1 0 3 4 │ 2 2
  ┼────────────────────────┼
 6 1 │ 1 4 6 4 │ 2 4
 1 9 │ 1 5 7 7 │ 8 3

# Square 40  (outer=1154394779, inner=2535089222809)
TL=(2,8,4,4) TR=(4,4,4,3) BL=(6,1,1,9) BR=(2,4,8,4)
 2 8 │ 1 2 3 2 │ 4 4
 4 4 │ 1 8 9 2 │ 4 3
  ┼────────────────────────┼
 1 1 │ 0 1 2 1 │ 1 1
 4 5 │ 1 2 6 0 │ 2 8
 6 9 │ 2 6 9 1 │ 3 9
 4 6 │ 1 0 1 2 │ 2 2
  ┼────────────────────────┼
 6 1 │ 1 4 6 4 │ 2 4
 1 9 │ 1 5 9 6 │ 8 4

# Square 41  (outer=1155893832, inner=2538165279496)
TL=(2,8,4,4) TR=(5,8,8,7) BL=(5,8,8,9) BR=(2,4,8,4)
 2 8 │ 1 6 2 4 │ 5 8
 4 4 │ 3 8 2 8 │ 8 7
  ┼────────────────────────┼
 1 7 │ 0 2 2 1 │ 1 3
 3 4 │ 2 3 1 2 │ 6 8
 9 7 │ 2 1 3 4 │ 2 2
 2 6 │ 1 2 4 8 │ 4 8
  ┼────────────────────────┼
 5 8 │ 1 3 9 2 │ 2 4
 8 9 │ 7 4 7 6 │ 8 4

# Square 42  (outer=1195757868, inner=2615607793494)
TL=(2,8,5,2) TR=(8,8,8,8) BL=(7,3,3,8) BR=(2,5,8,2)
 2 8 │ 2 4 6 4 │ 8 8
 5 2 │ 4 5 7 6 │ 8 8
  ┼────────────────────────┼
 1 3 │ 0 3 1 2 │ 2 4
 8 1 │ 3 6 4 5 │ 4 5
 2 1 │ 1 4 0 7 │ 6 7
 5 6 │ 2 5 7 6 │ 4 6
  ┼────────────────────────┼
 7 3 │ 1 8 2 5 │ 2 5
 3 8 │ 3 1 1 6 │ 8 2

# Square 43  (outer=1345220968, inner=2949726931443)
TL=(2,8,8,1) TR=(5,9,7,4) BL=(5,7,9,4) BR=(6,6,6,9)
 2 8 │ 1 6 5 2 │ 5 9
 8 1 │ 5 9 9 4 │ 7 4
  ┼────────────────────────┼
 1 5 │ 0 5 4 0 │ 3 6
 6 9 │ 5 1 0 6 │ 7 4
 5 9 │ 4 0 1 2 │ 6 8
 2 4 │ 0 6 2 4 │ 2 6
  ┼────────────────────────┼
 5 7 │ 3 7 6 2 │ 6 6
 9 4 │ 6 4 8 6 │ 6 9

# Square 44  (outer=1365357201, inner=2997905704360)
TL=(2,8,8,4) TR=(7,6,1,9) BL=(7,1,6,9) BR=(8,4,4,9)
 2 8 │ 2 1 2 8 │ 7 6
 8 4 │ 1 5 9 6 │ 1 9
  ┼────────────────────────┼
 2 1 │ 1 1 1 3 │ 5 3
 1 5 │ 1 3 9 5 │ 9 3
 2 9 │ 1 9 7 2 │ 6 8
 8 6 │ 3 5 2 6 │ 4 1
  ┼────────────────────────┼
 7 1 │ 5 9 6 4 │ 8 4
 6 9 │ 3 3 8 1 │ 4 9

# Square 45  (outer=1375855890, inner=3018584405436)
TL=(2,8,8,6) TR=(7,8,8,6) BL=(7,8,8,6) BR=(9,7,7,4)
 2 8 │ 2 1 8 4 │ 7 8
 8 6 │ 7 3 9 6 │ 8 6
  ┼────────────────────────┼
 2 7 │ 2 0 5 2 │ 7 6
 1 3 │ 0 6 8 9 │ 5 3
 8 9 │ 5 8 7 4 │ 6 6
 4 6 │ 2 9 4 4 │ 6 4
  ┼────────────────────────┼
 7 8 │ 7 5 6 6 │ 9 7
 8 6 │ 6 3 6 4 │ 7 4

# Square 46  (outer=1381048422, inner=3031289658093)
TL=(2,8,8,7) TR=(6,4,2,1) BL=(6,2,4,1) BR=(9,3,3,1)
 2 8 │ 1 7 9 2 │ 6 4
 8 7 │ 1 8 2 7 │ 2 1
  ┼────────────────────────┼
 1 1 │ 0 5 6 1 │ 5 1
 7 8 │ 5 6 1 6 │ 7 2
 9 2 │ 6 1 6 4 │ 6 7
 2 7 │ 1 6 4 7 │ 6 1
  ┼────────────────────────┼
 6 2 │ 5 7 6 6 │ 9 3
 4 1 │ 1 2 7 1 │ 3 1

# Square 47  (outer=1384721169, inner=3040838801647)
TL=(2,8,8,7) TR=(9,7,9,5) BL=(9,9,7,5) BR=(4,4,4,9)
 2 8 │ 2 7 1 6 │ 9 7
 8 7 │ 8 2 6 5 │ 9 5
  ┼────────────────────────┼
 2 8 │ 1 2 0 4 │ 4 3
 7 2 │ 2 5 9 2 │ 3 6
 1 6 │ 0 9 1 2 │ 5 7
 6 5 │ 4 2 2 5 │ 6 5
  ┼────────────────────────┼
 9 9 │ 4 3 5 6 │ 4 4
 7 5 │ 3 6 7 5 │ 4 9

# Square 48  (outer=1391865940, inner=3057613066365)
TL=(2,8,8,9) TR=(4,4,8,9) BL=(4,8,4,9) BR=(3,7,7,6)
 2 8 │ 1 2 3 2 │ 4 4
 8 9 │ 7 9 2 1 │ 8 9
  ┼────────────────────────┼
 1 7 │ 0 2 2 1 │ 1 3
 2 9 │ 2 2 3 3 │ 7 7
 3 2 │ 2 3 0 4 │ 7 2
 2 1 │ 1 3 4 4 │ 6 4
  ┼────────────────────────┼
 4 8 │ 1 7 7 6 │ 3 7
 4 9 │ 3 7 2 4 │ 7 6

# Square 49  (outer=1428147473, inner=3155401690846)
TL=(2,8,9,6) TR=(4,7,7,6) BL=(6,3,3,4) BR=(2,9,8,6)
 2 8 │ 1 3 1 6 │ 4 7
 9 6 │ 7 2 9 6 │ 7 6
  ┼────────────────────────┼
 1 2 │ 0 2 0 4 │ 1 7
 8 9 │ 2 8 4 8 │ 3 2
 2 2 │ 0 4 1 8 │ 1 9
 7 4 │ 4 8 8 4 │ 6 6
  ┼────────────────────────┼
 6 3 │ 1 8 2 7 │ 2 9
 3 4 │ 2 9 2 4 │ 8 6

# Square 50  (outer=1477828360, inner=3279005231162)
TL=(2,9,2,1) TR=(8,5,5,8) BL=(7,2,2,6) BR=(2,2,9,1)
 2 9 │ 2 4 6 5 │ 8 5
 2 1 │ 1 2 1 8 │ 5 8
  ┼────────────────────────┼
 1 2 │ 0 2 5 2 │ 2 1
 5 3 │ 2 2 2 6 │ 4 2
 8 6 │ 5 2 4 6 │ 6 1
 4 6 │ 2 6 6 8 │ 5 8
  ┼────────────────────────┼
 7 2 │ 1 5 8 4 │ 2 2
 2 6 │ 2 3 6 6 │ 9 1

# Square 51  (outer=1483003628, inner=3288924028963)
TL=(2,9,2,2) TR=(9,6,6,6) BL=(6,1,1,7) BR=(2,2,9,2)
 2 9 │ 2 7 8 4 │ 9 6
 2 2 │ 1 4 5 2 │ 6 6
  ┼────────────────────────┼
 1 1 │ 0 2 3 1 │ 2 1
 3 5 │ 2 5 9 0 │ 7 4
 4 6 │ 3 9 1 0 │ 8 5
 2 4 │ 1 0 0 8 │ 4 2
  ┼────────────────────────┼
 6 1 │ 1 3 4 2 │ 2 2
 1 7 │ 1 5 6 4 │ 9 2

# Square 52  (outer=1490668213, inner=3304240065141)
TL=(2,9,2,4) TR=(7,7,7,7) BL=(8,1,1,7) BR=(2,2,9,4)
 2 9 │ 2 2 3 3 │ 7 7
 2 4 │ 1 8 4 8 │ 7 7
  ┼────────────────────────┼
 1 1 │ 0 2 3 1 │ 2 1
 7 5 │ 2 1 0 0 │ 2 8
 8 9 │ 3 0 2 6 │ 3 4
 2 8 │ 1 0 6 4 │ 3 8
  ┼────────────────────────┼
 8 1 │ 1 7 8 2 │ 2 2
 1 7 │ 1 5 9 8 │ 9 4

# Square 53  (outer=1631973337, inner=3599242262513)
TL=(2,9,5,1) TR=(6,6,6,4) BL=(9,5,5,1) BR=(2,5,9,1)
 2 9 │ 1 9 1 4 │ 6 6
 5 1 │ 3 2 6 4 │ 6 4
  ┼────────────────────────┼
 2 4 │ 0 3 1 2 │ 1 3
 3 6 │ 3 3 1 2 │ 9 2
 7 4 │ 1 1 8 4 │ 1 6
 5 1 │ 2 2 4 4 │ 4 4
  ┼────────────────────────┼
 9 5 │ 2 3 7 5 │ 2 5
 5 1 │ 4 6 4 1 │ 9 1

# Square 54  (outer=1860082618, inner=4099653919455)
TL=(2,9,8,6) TR=(6,3,3,4) BL=(4,7,7,6) BR=(2,8,9,6)
 2 9 │ 1 8 2 7 │ 6 3
 8 6 │ 2 9 2 4 │ 3 4
  ┼────────────────────────┼
 1 7 │ 0 2 0 4 │ 1 2
 3 2 │ 2 8 4 8 │ 8 9
 1 9 │ 0 4 1 8 │ 2 2
 6 6 │ 4 8 8 4 │ 7 4
  ┼────────────────────────┼
 4 7 │ 1 3 1 6 │ 2 8
 7 6 │ 7 2 9 6 │ 9 6

# Square 55  (outer=1898646213, inner=4198329589016)
TL=(2,9,9,2) TR=(4,9,6,3) BL=(4,6,9,3) BR=(3,4,4,5)
 2 9 │ 1 4 2 1 │ 4 9
 9 2 │ 5 7 9 6 │ 6 3
  ┼────────────────────────┼
 1 5 │ 0 2 1 0 │ 1 4
 4 7 │ 2 3 9 7 │ 5 1
 2 9 │ 1 9 7 2 │ 6 8
 1 6 │ 0 7 2 0 │ 4 5
  ┼────────────────────────┼
 4 6 │ 1 5 6 4 │ 3 4
 9 3 │ 4 1 8 5 │ 4 5

# Square 56  (outer=1905235405, inner=4216161543851)
TL=(2,9,9,3) TR=(4,3,2,3) BL=(4,2,3,3) BR=(3,8,8,7)
 2 9 │ 1 2 4 7 │ 4 3
 9 3 │ 2 1 3 9 │ 2 3
  ┼────────────────────────┼
 1 2 │ 0 1 4 4 │ 1 2
 2 1 │ 1 2 1 8 │ 5 8
 4 3 │ 4 1 7 1 │ 9 7
 7 9 │ 4 8 1 9 │ 6 1
  ┼────────────────────────┼
 4 2 │ 1 5 9 6 │ 3 8
 3 3 │ 2 8 7 1 │ 8 7

# Square 57  (outer=1907022063, inner=4221564398342)
TL=(2,9,9,3) TR=(5,7,3,1) BL=(5,3,7,1) BR=(2,2,2,8)
 2 9 │ 1 6 5 3 │ 5 7
 9 3 │ 2 8 8 3 │ 3 1
  ┼────────────────────────┼
 1 2 │ 0 1 3 2 │ 1 1
 6 8 │ 1 2 9 2 │ 1 9
 5 8 │ 3 9 4 4 │ 6 8
 3 3 │ 2 2 4 4 │ 6 8
  ┼────────────────────────┼
 5 3 │ 1 1 6 6 │ 2 2
 7 1 │ 1 9 8 8 │ 2 8

# Square 58  (outer=1909008634, inner=4227571789781)
TL=(2,9,9,3) TR=(7,3,8,9) BL=(7,8,3,9) BR=(9,6,6,9)
 2 9 │ 2 1 1 7 │ 7 3
 9 3 │ 8 2 7 7 │ 8 9
  ┼────────────────────────┼
 2 8 │ 2 0 1 6 │ 7 2
 1 2 │ 0 5 5 2 │ 4 6
 1 7 │ 1 5 1 3 │ 8 9
 7 7 │ 6 2 3 7 │ 8 1
  ┼────────────────────────┼
 7 8 │ 7 4 8 8 │ 9 6
 3 9 │ 2 6 9 1 │ 6 9

# Square 59  (outer=1914650112, inner=4244151926380)
TL=(2,9,9,4) TR=(5,5,2,6) BL=(5,2,5,6) BR=(2,4,4,7)
 2 9 │ 1 5 9 5 │ 5 5
 9 4 │ 2 4 4 4 │ 2 6
  ┼────────────────────────┼
 1 2 │ 0 1 4 4 │ 1 2
 5 4 │ 1 4 0 4 │ 2 6
 9 4 │ 4 0 4 2 │ 4 3
 5 4 │ 4 4 2 8 │ 8 2
  ┼────────────────────────┼
 5 2 │ 1 2 4 8 │ 2 4
 5 6 │ 2 6 3 2 │ 4 7

# Square 60  (outer=1916090941, inner=4248094035055)
TL=(2,9,9,4) TR=(6,5,5,3) BL=(6,5,5,3) BR=(5,5,5,9)
 2 9 │ 1 8 8 5 │ 6 5
 9 4 │ 4 9 8 2 │ 5 3
  ┼────────────────────────┼
 1 4 │ 0 4 6 2 │ 3 3
 8 9 │ 4 5 3 9 │ 5 1
 8 8 │ 6 3 3 6 │ 7 2
 5 2 │ 2 9 6 4 │ 5 7
  ┼────────────────────────┼
 6 5 │ 3 5 7 5 │ 5 5
 5 3 │ 3 1 2 7 │ 5 9

# Square 61  (outer=1926320464, inner=4271248774995)
TL=(2,9,9,6) TR=(4,9,5,7) BL=(4,5,9,7) BR=(3,5,5,1)
 2 9 │ 1 4 2 1 │ 4 9
 9 6 │ 5 4 7 2 │ 5 7
  ┼────────────────────────┼
 1 5 │ 0 2 1 0 │ 1 4
 4 4 │ 2 5 9 6 │ 5 9
 2 7 │ 1 9 9 8 │ 7 4
 1 2 │ 0 6 8 4 │ 5 7
  ┼────────────────────────┼
 4 5 │ 1 5 7 5 │ 3 5
 9 7 │ 4 9 4 7 │ 5 1

# Square 62  (outer=1926785800, inner=4272499598367)
TL=(2,9,9,6) TR=(5,5,2,6) BL=(5,2,5,6) BR=(2,4,4,1)
 2 9 │ 1 5 9 5 │ 5 5
 9 6 │ 2 4 9 6 │ 2 6
  ┼────────────────────────┼
 1 2 │ 0 1 4 4 │ 1 2
 5 4 │ 1 1 8 8 │ 2 2
 9 9 │ 4 8 5 1 │ 4 9
 5 6 │ 4 8 1 6 │ 8 6
  ┼────────────────────────┼
 5 2 │ 1 2 4 8 │ 2 4
 5 6 │ 2 2 9 6 │ 4 1

# Square 63  (outer=1944723908, inner=4323636912170)
TL=(2,9,9,8) TR=(7,5,4,3) BL=(7,4,5,3) BR=(5,6,6,2)
 2 9 │ 2 1 7 5 │ 7 5
 9 8 │ 4 2 1 4 │ 4 3
  ┼────────────────────────┼
 2 4 │ 1 0 3 2 │ 4 3
 1 2 │ 0 1 4 4 │ 1 2
 7 1 │ 3 4 0 8 │ 4 8
 5 4 │ 2 4 8 4 │ 4 6
  ┼────────────────────────┼
 7 4 │ 4 1 4 4 │ 5 6
 5 3 │ 3 2 8 6 │ 6 2

# Square 64  (outer=1961415448, inner=4359950035317)
TL=(3,1,1,5) TR=(7,9,7,9) BL=(7,7,9,9) BR=(2,5,5,4)
 3 1 │ 2 4 4 9 │ 7 9
 1 5 │ 1 1 8 5 │ 7 9
  ┼────────────────────────┼
 2 1 │ 0 3 1 5 │ 1 5
 4 1 │ 3 8 1 3 │ 9 3
 4 8 │ 1 1 5 2 │ 2 4
 9 5 │ 5 3 2 0 │ 5 6
  ┼────────────────────────┼
 7 7 │ 1 9 2 5 │ 2 5
 9 9 │ 5 3 4 6 │ 5 4

# Square 65  (outer=1966467700, inner=4365332399590)
TL=(3,1,1,7) TR=(6,2,9,4) BL=(6,9,2,4) BR=(1,7,7,7)
 3 1 │ 1 9 2 2 │ 6 2
 1 7 │ 1 5 9 8 │ 9 4
  ┼────────────────────────┼
 1 1 │ 0 1 2 1 │ 1 1
 9 5 │ 1 7 1 0 │ 1 8
 2 9 │ 2 1 4 6 │ 7 4
 2 8 │ 1 0 6 4 │ 3 8
  ┼────────────────────────┼
 6 9 │ 1 1 7 3 │ 1 7
 2 4 │ 1 8 4 8 │ 7 7

# Square 66  (outer=1968342652, inner=4367833586203)
TL=(3,1,1,7) TR=(9,4,6,7) BL=(9,6,4,7) BR=(6,6,6,3)
 3 1 │ 2 9 1 4 │ 9 4
 1 7 │ 1 1 3 9 │ 6 7
  ┼────────────────────────┼
 2 1 │ 1 3 0 2 │ 6 2
 9 1 │ 3 5 4 9 │ 3 9
 1 3 │ 0 4 6 8 │ 3 6
 4 9 │ 2 9 8 9 │ 6 1
  ┼────────────────────────┼
 9 6 │ 6 3 3 6 │ 6 6
 4 7 │ 2 9 6 1 │ 6 3

# Square 67  (outer=1970782210, inner=4370988191913)
TL=(3,1,1,8) TR=(7,6,6,8) BL=(7,6,6,8) BR=(2,2,2,7)
 3 1 │ 2 3 5 6 │ 7 6
 1 8 │ 1 2 2 4 │ 6 8
  ┼────────────────────────┼
 2 1 │ 0 2 3 1 │ 1 1
 3 2 │ 2 1 7 6 │ 6 8
 5 2 │ 3 7 9 6 │ 7 3
 6 4 │ 1 6 6 4 │ 2 6
  ┼────────────────────────┼
 7 6 │ 1 6 7 2 │ 2 2
 6 8 │ 1 8 3 6 │ 2 7

# Square 68  (outer=1973696323, inner=4375127296058)
TL=(3,1,1,9) TR=(5,7,6,9) BL=(5,6,7,9) BR=(4,2,2,5)
 3 1 │ 1 7 6 7 │ 5 7
 1 9 │ 1 3 1 1 │ 6 9
  ┼────────────────────────┼
 1 1 │ 0 2 3 1 │ 2 1
 7 3 │ 2 8 4 7 │ 3 9
 6 1 │ 3 4 7 7 │ 5 7
 7 1 │ 1 7 7 5 │ 2 5
  ┼────────────────────────┼
 5 6 │ 2 3 5 2 │ 4 2
 7 9 │ 1 9 7 5 │ 2 5

# Square 69  (outer=1974222964, inner=4375950962787)
TL=(3,1,1,9) TR=(6,4,7,1) BL=(6,7,4,1) BR=(8,5,5,4)
 3 1 │ 1 9 8 4 │ 6 4
 1 9 │ 1 3 4 9 │ 7 1
  ┼────────────────────────┼
 1 1 │ 0 5 7 2 │ 5 2
 9 3 │ 5 7 6 6 │ 6 2
 8 4 │ 7 6 4 4 │ 9 1
 4 9 │ 2 6 4 6 │ 5 4
  ┼────────────────────────┼
 6 7 │ 5 6 9 5 │ 8 5
 4 1 │ 2 2 1 4 │ 5 4

# Square 70  (outer=1974591483, inner=4376527326633)
TL=(3,1,1,9) TR=(7,4,6,4) BL=(7,6,4,4) BR=(7,2,2,7)
 3 1 │ 2 2 9 4 │ 7 4
 1 9 │ 1 2 1 6 │ 6 4
  ┼────────────────────────┼
 2 1 │ 1 0 7 1 │ 5 1
 2 2 │ 0 9 0 2 │ 4 1
 9 1 │ 7 0 9 8 │ 7 8
 4 6 │ 1 2 8 8 │ 2 8
  ┼────────────────────────┼
 7 6 │ 5 4 7 2 │ 7 2
 4 4 │ 1 1 8 8 │ 2 7

# Square 71  (outer=1976246654, inner=4379116014654)
TL=(3,1,1,9) TR=(9,4,6,3) BL=(9,6,4,3) BR=(9,2,2,9)
 3 1 │ 2 9 1 4 │ 9 4
 1 9 │ 1 1 9 7 │ 6 3
  ┼────────────────────────┼
 2 1 │ 1 7 0 1 │ 8 1
 9 1 │ 7 4 6 2 │ 8 2
 1 9 │ 0 6 4 6 │ 3 4
 4 7 │ 1 2 6 9 │ 2 7
  ┼────────────────────────┼
 9 6 │ 8 8 3 2 │ 9 2
 4 3 │ 1 2 4 7 │ 2 9

# Square 72  (outer=2007562000, inner=4404644295563)
TL=(3,1,2,9) TR=(4,4,4,3) BL=(8,6,6,3) BR=(3,2,1,9)
 3 1 │ 1 3 6 4 │ 4 4
 2 9 │ 1 2 4 7 │ 4 3
  ┼────────────────────────┼
 2 1 │ 0 2 3 1 │ 1 1
 7 1 │ 2 2 7 2 │ 3 2
 5 9 │ 3 7 7 6 │ 6 4
 2 7 │ 1 2 6 9 │ 4 7
  ┼────────────────────────┼
 8 6 │ 2 7 5 2 │ 3 2
 6 3 │ 1 1 9 7 │ 1 9

# Square 73  (outer=2089428622, inner=4477798627520)
TL=(3,1,4,7) TR=(8,2,2,5) BL=(4,6,6,8) BR=(3,4,1,7)
 3 1 │ 2 5 4 2 │ 8 2
 4 7 │ 1 1 7 5 │ 2 5
  ┼────────────────────────┼
 1 1 │ 0 2 3 1 │ 2 1
 5 1 │ 2 6 0 1 │ 5 1
 6 5 │ 3 0 5 5 │ 4 7
 4 6 │ 1 1 5 0 │ 2 5
  ┼────────────────────────┼
 4 6 │ 1 5 6 4 │ 3 4
 6 8 │ 1 1 5 6 │ 1 7

# Square 74  (outer=2098830499, inner=4490631803287)
TL=(3,1,4,9) TR=(4,8,8,1) BL=(7,6,6,7) BR=(3,4,1,9)
 3 1 │ 1 4 8 8 │ 4 8
 4 9 │ 3 9 6 9 │ 8 1
  ┼────────────────────────┼
 2 1 │ 0 2 7 3 │ 1 3
 5 2 │ 2 5 4 8 │ 4 9
 8 7 │ 7 4 8 2 │ 8 6
 4 3 │ 3 8 2 7 │ 8 9
  ┼────────────────────────┼
 7 6 │ 2 5 8 4 │ 3 4
 6 7 │ 1 2 7 3 │ 1 9

# Square 75  (outer=2148302805, inner=4522424818429)
TL=(3,1,5,9) TR=(4,4,4,1) BL=(7,7,7,6) BR=(3,5,1,9)
 3 1 │ 1 3 6 4 │ 4 4
 5 9 │ 2 4 1 9 │ 4 1
  ┼────────────────────────┼
 2 1 │ 0 2 5 2 │ 1 2
 6 4 │ 2 1 7 6 │ 3 4
 9 4 │ 5 7 3 4 │ 6 1
 5 4 │ 2 6 4 6 │ 4 9
  ┼────────────────────────┼
 7 7 │ 2 6 9 5 │ 3 5
 7 6 │ 1 4 4 4 │ 1 9

# Square 76  (outer=2200678271, inner=4568008811406)
TL=(3,1,6,9) TR=(4,4,4,9) BL=(3,8,8,3) BR=(3,6,1,9)
 3 1 │ 1 3 6 4 │ 4 4
 6 9 │ 3 3 8 1 │ 4 9
  ┼────────────────────────┼
 1 1 │ 0 1 4 3 │ 1 3
 3 5 │ 1 1 5 5 │ 3 3
 6 7 │ 4 5 5 6 │ 6 8
 8 7 │ 3 5 6 7 │ 4 1
  ┼────────────────────────┼
 3 8 │ 1 3 6 8 │ 3 6
 8 3 │ 1 5 7 7 │ 1 9

# Square 77  (outer=2297009455, inner=4659846744295)
TL=(3,1,8,7) TR=(5,1,1,8) BL=(6,7,7,2) BR=(3,8,1,7)
 3 1 │ 1 5 8 1 │ 5 1
 8 7 │ 1 5 6 6 │ 1 8
  ┼────────────────────────┼
 2 1 │ 0 2 3 1 │ 1 1
 5 2 │ 2 8 6 0 │ 5 5
 4 2 │ 3 6 1 2 │ 8 6
 6 4 │ 1 0 2 4 │ 1 6
  ┼────────────────────────┼
 6 7 │ 2 5 4 6 │ 3 8
 7 2 │ 1 2 2 4 │ 1 7

# Square 78  (outer=2390454969, inner=4782046763182)
TL=(3,2,1,9) TR=(8,6,6,3) BL=(4,4,4,3) BR=(3,1,2,9)
 3 2 │ 2 7 5 2 │ 8 6
 1 9 │ 1 1 9 7 │ 6 3
  ┼────────────────────────┼
 1 1 │ 0 2 3 1 │ 2 1
 3 2 │ 2 2 7 2 │ 7 1
 6 4 │ 3 7 7 6 │ 5 9
 4 7 │ 1 2 6 9 │ 2 7
  ┼────────────────────────┼
 4 4 │ 1 3 6 4 │ 3 1
 4 3 │ 1 2 4 7 │ 2 9

# Square 79  (outer=2397983329, inner=4793749040771)
TL=(3,2,2,2) TR=(8,7,7,1) BL=(8,7,7,1) BR=(7,4,4,4)
 3 2 │ 2 7 8 4 │ 8 7
 2 2 │ 1 5 6 2 │ 7 1
  ┼────────────────────────┼
 2 1 │ 1 3 2 3 │ 6 3
 7 5 │ 3 0 7 5 │ 4 1
 8 6 │ 2 7 5 2 │ 3 2
 4 2 │ 3 5 2 8 │ 8 4
  ┼────────────────────────┼
 8 7 │ 6 4 3 8 │ 7 4
 7 1 │ 3 1 2 4 │ 4 4

# Square 80  (outer=2398141719, inner=4793973796228)
TL=(3,2,2,2) TR=(8,8,9,6) BL=(8,9,8,6) BR=(4,3,3,3)
 3 2 │ 2 8 1 6 │ 8 8
 2 2 │ 2 1 1 2 │ 9 6
  ┼────────────────────────┼
 2 2 │ 0 7 0 4 │ 3 2
 8 1 │ 7 1 2 8 │ 8 8
 1 1 │ 0 2 5 3 │ 2 3
 6 2 │ 4 8 3 6 │ 7 8
  ┼────────────────────────┼
 8 9 │ 3 8 2 7 │ 4 3
 8 6 │ 2 8 3 8 │ 3 3

# Square 81  (outer=2398641210, inner=4794682574151)
TL=(3,2,2,2) TR=(9,9,8,6) BL=(9,8,9,6) BR=(6,6,6,9)
 3 2 │ 3 1 6 8 │ 9 9
 2 2 │ 1 8 9 2 │ 8 6
  ┼────────────────────────┼
 3 1 │ 2 0 4 6 │ 6 6
 1 8 │ 0 8 2 8 │ 4 6
 6 9 │ 4 2 7 8 │ 6 2
 8 2 │ 6 8 8 8 │ 8 4
  ┼────────────────────────┼
 9 8 │ 6 4 6 8 │ 6 6
 9 6 │ 6 6 2 4 │ 6 9

# Square 82  (outer=2399283130, inner=4795725772807)
TL=(3,2,2,3) TR=(4,6,7,5) BL=(4,7,6,5) BR=(8,2,2,1)
 3 2 │ 1 4 7 2 │ 4 6
 2 3 │ 1 7 2 5 │ 7 5
  ┼────────────────────────┼
 1 1 │ 0 3 4 1 │ 3 1
 4 7 │ 3 9 0 1 │ 8 3
 7 2 │ 4 0 3 2 │ 5 6
 2 5 │ 1 1 2 5 │ 4 5
  ┼────────────────────────┼
 4 7 │ 3 8 5 4 │ 8 2
 6 5 │ 1 3 6 5 │ 2 1

# Square 83  (outer=2402777232, inner=4801422616397)
TL=(3,2,2,4) TR=(3,7,7,6) BL=(3,7,7,6) BR=(5,2,2,2)
 3 2 │ 1 1 8 4 │ 3 7
 2 4 │ 1 8 2 4 │ 7 6
  ┼────────────────────────┼
 1 1 │ 0 1 2 1 │ 1 1
 1 8 │ 1 7 2 8 │ 9 6
 8 2 │ 2 2 1 4 │ 2 7
 4 4 │ 1 8 4 8 │ 4 2
  ┼────────────────────────┼
 3 7 │ 1 9 2 4 │ 5 2
 7 6 │ 1 6 7 2 │ 2 2

# Square 84  (outer=2407491988, inner=4808350875879)
TL=(3,2,2,5) TR=(5,6,7,9) BL=(5,7,6,9) BR=(4,1,1,9)
 3 2 │ 1 7 9 2 │ 5 6
 2 5 │ 1 9 7 5 │ 7 9
  ┼────────────────────────┼
 1 1 │ 0 2 3 1 │ 2 1
 7 9 │ 2 6 0 7 │ 3 3
 9 7 │ 3 0 0 7 │ 3 1
 2 5 │ 1 7 7 5 │ 7 1
  ┼────────────────────────┼
 5 7 │ 2 3 3 7 │ 4 1
 6 9 │ 1 3 1 1 │ 1 9

# Square 85  (outer=2407516330, inner=4808378090243)
TL=(3,2,2,5) TR=(5,6,9,9) BL=(5,9,6,9) BR=(2,1,1,9)
 3 2 │ 1 7 9 2 │ 5 6
 2 5 │ 2 4 7 5 │ 9 9
  ┼────────────────────────┼
 1 2 │ 0 1 3 2 │ 1 1
 7 4 │ 1 7 0 2 │ 2 3
 9 7 │ 3 0 0 7 │ 3 1
 2 5 │ 2 2 7 5 │ 9 1
  ┼────────────────────────┼
 5 9 │ 1 2 3 9 │ 2 1
 6 9 │ 1 3 1 1 │ 1 9

# Square 86  (outer=2417472060, inner=4825116073647)
TL=(3,2,2,7) TR=(8,4,4,3) BL=(8,6,6,6) BR=(3,2,2,7)
 3 2 │ 2 6 8 8 │ 8 4
 2 7 │ 1 1 6 1 │ 4 3
  ┼────────────────────────┼
 2 1 │ 0 4 4 1 │ 2 1
 7 7 │ 4 6 9 7 │ 6 1
 5 8 │ 4 9 8 8 │ 8 6
 2 2 │ 1 7 8 2 │ 8 1
  ┼────────────────────────┼
 8 6 │ 2 7 5 2 │ 3 2
 6 6 │ 1 7 8 2 │ 2 7

# Square 87  (outer=2417644690, inner=4825450112633)
TL=(3,2,2,7) TR=(8,6,6,6) BL=(8,4,4,3) BR=(3,2,2,7)
 3 2 │ 2 7 5 2 │ 8 6
 2 7 │ 1 7 8 2 │ 6 6
  ┼────────────────────────┼
 2 1 │ 0 4 4 1 │ 2 1
 6 1 │ 4 6 9 7 │ 7 7
 8 6 │ 4 9 8 8 │ 5 8
 8 1 │ 1 7 8 2 │ 2 2
  ┼────────────────────────┼
 8 4 │ 2 6 8 8 │ 3 2
 4 3 │ 1 1 6 1 │ 2 7

# Square 88  (outer=2420311714, inner=4830261250668)
TL=(3,2,2,8) TR=(5,8,8,8) BL=(5,8,8,8) BR=(2,2,2,7)
 3 2 │ 1 8 5 6 │ 5 8
 2 8 │ 2 4 6 4 │ 8 8
  ┼────────────────────────┼
 1 2 │ 0 1 4 4 │ 1 2
 8 4 │ 1 9 3 2 │ 2 3
 5 6 │ 4 3 1 2 │ 7 7
 6 4 │ 4 2 2 4 │ 6 6
  ┼────────────────────────┼
 5 8 │ 1 2 7 6 │ 2 2
 8 8 │ 2 3 7 6 │ 2 7

# Square 89  (outer=2426997034, inner=4843093093213)
TL=(3,2,2,9) TR=(8,4,4,4) BL=(8,6,6,8) BR=(3,2,2,9)
 3 2 │ 2 6 8 8 │ 8 4
 2 9 │ 1 2 7 6 │ 4 4
  ┼────────────────────────┼
 2 1 │ 0 4 4 1 │ 2 1
 7 9 │ 4 8 9 8 │ 6 2
 5 7 │ 4 9 5 9 │ 8 7
 2 2 │ 1 8 9 2 │ 8 6
  ┼────────────────────────┼
 8 6 │ 2 7 5 2 │ 3 2
 6 8 │ 1 9 7 2 │ 2 9

# Square 90  (outer=2427185914, inner=4843482941465)
TL=(3,2,2,9) TR=(8,6,6,8) BL=(8,4,4,4) BR=(3,2,2,9)
 3 2 │ 2 7 5 2 │ 8 6
 2 9 │ 1 9 7 2 │ 6 8
  ┼────────────────────────┼
 2 1 │ 0 4 4 1 │ 2 1
 6 2 │ 4 8 9 8 │ 7 9
 8 7 │ 4 9 5 9 │ 5 7
 8 6 │ 1 8 9 2 │ 2 2
  ┼────────────────────────┼
 8 4 │ 2 6 8 8 │ 3 2
 4 4 │ 1 2 7 6 │ 2 9

# Square 91  (outer=2428144647, inner=4845461766802)
TL=(3,2,2,9) TR=(9,8,9,7) BL=(9,9,8,7) BR=(3,3,3,3)
 3 2 │ 3 1 3 6 │ 9 8
 2 9 │ 2 8 1 3 │ 9 7
  ┼────────────────────────┼
 3 2 │ 1 0 2 4 │ 3 2
 1 8 │ 0 5 0 4 │ 2 8
 3 1 │ 2 0 7 7 │ 6 7
 6 3 │ 4 4 7 3 │ 7 1
  ┼────────────────────────┼
 9 9 │ 3 2 6 7 │ 3 3
 8 7 │ 2 8 7 1 │ 3 3

# Square 92  (outer=2477863537, inner=4933534533593)
TL=(3,2,4,1) TR=(7,8,8,1) BL=(4,9,9,1) BR=(3,4,2,1)
 3 2 │ 2 4 9 6 │ 7 8
 4 1 │ 3 3 2 1 │ 8 1
  ┼────────────────────────┼
 1 1 │ 0 2 5 3 │ 2 3
 6 9 │ 2 9 6 7 │ 4 3
 6 1 │ 5 6 1 2 │ 9 2
 6 1 │ 3 7 2 1 │ 6 1
  ┼────────────────────────┼
 4 9 │ 1 6 6 6 │ 3 4
 9 1 │ 1 9 1 1 │ 2 1

# Square 93  (outer=2580311471, inner=5081983127133)
TL=(3,2,6,1) TR=(7,3,3,2) BL=(4,7,7,5) BR=(3,6,2,1)
 3 2 │ 2 3 3 6 │ 7 3
 6 1 │ 1 9 5 2 │ 3 2
  ┼────────────────────────┼
 1 1 │ 0 2 3 1 │ 2 1
 6 5 │ 2 5 3 5 │ 3 9
 9 7 │ 3 3 9 5 │ 3 5
 2 5 │ 1 5 5 0 │ 6 2
  ┼────────────────────────┼
 4 7 │ 1 6 9 2 │ 3 6
 7 5 │ 1 5 7 5 │ 2 1

# Square 94  (outer=2596375688, inner=5108240409500)
TL=(3,2,6,4) TR=(4,2,2,4) BL=(7,7,7,8) BR=(3,6,2,4)
 3 2 │ 1 3 4 4 │ 4 2
 6 4 │ 1 5 3 6 │ 2 4
  ┼────────────────────────┼
 2 1 │ 0 2 3 1 │ 1 1
 7 8 │ 2 7 3 0 │ 3 5
 7 7 │ 3 3 1 1 │ 4 3
 2 2 │ 1 0 1 2 │ 4 6
  ┼────────────────────────┼
 7 7 │ 2 7 7 2 │ 3 6
 7 8 │ 1 8 7 2 │ 2 4

# Square 95  (outer=2748676793, inner=5399417401535)
TL=(3,2,9,1) TR=(5,1,1,4) BL=(3,5,5,3) BR=(3,9,2,1)
 3 2 │ 1 6 3 2 │ 5 1
 9 1 │ 1 2 7 4 │ 1 4
  ┼────────────────────────┼
 1 1 │ 0 1 2 1 │ 1 1
 3 1 │ 1 9 2 2 │ 6 2
 6 1 │ 2 2 5 7 │ 3 7
 5 3 │ 1 2 7 2 │ 2 4
  ┼────────────────────────┼
 3 5 │ 1 3 6 5 │ 3 9
 5 3 │ 1 1 1 3 │ 2 1

# Square 96  (outer=2768883277, inner=5437410498511)
TL=(3,2,9,4) TR=(5,1,1,9) BL=(6,4,4,7) BR=(3,9,2,4)
 3 2 │ 1 6 3 2 │ 5 1
 9 4 │ 1 7 8 6 │ 1 9
  ┼────────────────────────┼
 2 1 │ 0 2 3 1 │ 1 1
 4 1 │ 2 7 4 7 │ 6 7
 9 2 │ 3 4 9 6 │ 3 8
 6 8 │ 1 7 6 8 │ 2 6
  ┼────────────────────────┼
 6 4 │ 2 4 9 6 │ 3 9
 4 7 │ 1 1 2 8 │ 2 4

# Square 97  (outer=2792062409, inner=5484434815941)
TL=(3,2,9,8) TR=(4,3,3,8) BL=(3,5,5,7) BR=(3,9,2,8)
 3 2 │ 1 3 7 6 │ 4 3
 9 8 │ 3 7 2 4 │ 3 8
  ┼────────────────────────┼
 1 1 │ 0 1 4 3 │ 1 3
 3 5 │ 1 2 9 5 │ 3 7
 6 9 │ 4 9 6 8 │ 7 2
 5 6 │ 3 5 8 4 │ 6 4
  ┼────────────────────────┼
 3 5 │ 1 3 6 5 │ 3 9
 5 7 │ 1 5 9 6 │ 2 8

# DONE: found=97  outer=2866665897  inner=5642061139164  time=106050s
