# Searching TL indices [4368, 4914)
# Square 1  (outer=8271030, inner=30172717183)
TL=(6,9,9,4) TR=(9,5,5,3) BL=(9,5,5,3) BR=(3,5,5,9)
 6 9 │ 6 5 5 5 │ 9 5
 9 4 │ 4 9 8 2 │ 5 3
  ┼────────────────────────┼
 6 4 │ 2 1 1 2 │ 3 3
 5 9 │ 1 8 2 9 │ 3 1
 5 8 │ 1 2 7 6 │ 2 2
 5 2 │ 2 9 6 4 │ 5 7
  ┼────────────────────────┼
 9 5 │ 3 3 2 5 │ 3 5
 5 3 │ 3 1 2 7 │ 5 9

# Square 2  (outer=11655482, inner=38977066355)
TL=(6,9,9,5) TR=(6,3,4,1) BL=(6,4,3,1) BR=(8,7,7,6)
 6 9 │ 4 3 4 7 │ 6 3
 9 5 │ 3 8 9 5 │ 4 1
  ┼────────────────────────┼
 4 3 │ 2 2 3 6 │ 5 2
 3 8 │ 2 0 1 4 │ 5 3
 4 9 │ 3 1 8 5 │ 6 5
 7 5 │ 6 4 5 0 │ 8 6
  ┼────────────────────────┼
 6 4 │ 5 5 6 8 │ 8 7
 3 1 │ 2 3 5 6 │ 7 6

# Square 3  (outer=17681370, inner=56689729616)
TL=(6,9,9,6) TR=(5,2,7,2) BL=(5,7,2,2) BR=(5,9,9,8)
 6 9 │ 3 5 8 8 │ 5 2
 9 6 │ 6 9 1 2 │ 7 2
  ┼────────────────────────┼
 3 6 │ 1 1 5 2 │ 3 2
 5 9 │ 1 8 2 9 │ 3 1
 8 1 │ 5 2 6 5 │ 6 5
 8 2 │ 2 9 5 2 │ 3 6
  ┼────────────────────────┼
 5 7 │ 3 3 6 3 │ 5 9
 2 2 │ 2 1 5 6 │ 9 8

# Square 4  (outer=31661490, inner=110980938298)
TL=(6,9,9,7) TR=(9,1,8,8) BL=(9,8,1,8) BR=(6,6,6,8)
 6 9 │ 6 2 7 9 │ 9 1
 9 7 │ 8 5 3 6 │ 8 8
  ┼────────────────────────┼
 6 8 │ 4 1 4 8 │ 6 1
 2 5 │ 1 0 5 0 │ 4 2
 7 3 │ 4 5 2 6 │ 6 2
 9 6 │ 8 0 6 4 │ 8 4
  ┼────────────────────────┼
 9 8 │ 6 4 6 8 │ 6 6
 1 8 │ 1 2 2 4 │ 6 8

# Square 5  (outer=38638172, inner=136400906850)
TL=(6,9,9,8) TR=(7,5,6,8) BL=(7,6,5,8) BR=(9,4,4,2)
 6 9 │ 5 1 7 5 │ 7 5
 9 8 │ 6 6 6 4 │ 6 8
  ┼────────────────────────┼
 5 6 │ 4 0 3 2 │ 7 2
 1 6 │ 0 2 2 4 │ 1 4
 7 6 │ 3 2 6 8 │ 4 3
 5 4 │ 2 4 8 4 │ 4 6
  ┼────────────────────────┼
 7 6 │ 7 1 4 4 │ 9 4
 5 8 │ 2 4 3 6 │ 4 2

# Square 6  (outer=64497487, inner=200676748052)
TL=(7,1,1,7) TR=(5,4,9,5) BL=(5,9,4,5) BR=(7,5,5,5)
 7 1 │ 3 8 3 4 │ 5 4
 1 7 │ 1 6 1 5 │ 9 5
  ┼────────────────────────┼
 3 1 │ 1 3 0 2 │ 4 2
 8 6 │ 3 7 8 4 │ 4 4
 3 1 │ 0 8 3 7 │ 2 7
 4 5 │ 2 4 7 5 │ 5 5
  ┼────────────────────────┼
 5 9 │ 4 4 2 5 │ 7 5
 4 5 │ 2 4 7 5 │ 5 5

# Square 7  (outer=66770612, inner=204697906960)
TL=(7,1,1,7) TR=(9,2,9,5) BL=(9,9,2,5) BR=(5,4,4,5)
 7 1 │ 6 5 3 2 │ 9 2
 1 7 │ 1 6 1 5 │ 9 5
  ┼────────────────────────┼
 6 1 │ 3 1 1 1 │ 5 1
 5 6 │ 1 7 3 6 │ 3 1
 3 1 │ 1 3 0 2 │ 4 2
 2 5 │ 1 6 2 5 │ 6 5
  ┼────────────────────────┼
 9 9 │ 5 3 4 6 │ 5 4
 2 5 │ 1 1 2 5 │ 4 5

# Square 8  (outer=69350343, inner=209133782413)
TL=(7,1,1,8) TR=(5,9,6,4) BL=(5,6,9,4) BR=(4,6,6,7)
 7 1 │ 4 1 8 9 │ 5 9
 1 8 │ 1 1 5 2 │ 6 4
  ┼────────────────────────┼
 4 1 │ 1 0 6 6 │ 2 6
 1 1 │ 0 5 7 2 │ 5 2
 8 5 │ 6 7 1 5 │ 7 9
 9 2 │ 6 2 5 6 │ 6 8
  ┼────────────────────────┼
 5 6 │ 2 5 7 6 │ 4 6
 9 4 │ 6 2 9 8 │ 6 7

# Square 9  (outer=71372235, inner=212587174628)
TL=(7,1,1,8) TR=(9,2,7,4) BL=(9,7,2,4) BR=(5,5,5,9)
 7 1 │ 6 5 3 2 │ 9 2
 1 8 │ 1 3 3 2 │ 7 4
  ┼────────────────────────┼
 6 1 │ 3 1 1 1 │ 5 1
 5 3 │ 1 8 0 2 │ 3 4
 3 3 │ 1 0 2 3 │ 3 1
 2 2 │ 1 2 3 2 │ 5 6
  ┼────────────────────────┼
 9 7 │ 5 3 3 5 │ 5 5
 2 4 │ 1 4 1 6 │ 5 9

# Square 10  (outer=226161780, inner=394142884760)
TL=(7,1,4,8) TR=(8,4,4,7) BL=(5,6,6,6) BR=(7,4,1,8)
 7 1 │ 5 9 6 4 │ 8 4
 4 8 │ 2 2 5 6 │ 4 7
  ┼────────────────────────┼
 4 1 │ 2 1 3 2 │ 5 2
 1 1 │ 1 0 1 2 │ 9 2
 4 8 │ 3 1 2 0 │ 6 5
 4 8 │ 2 2 0 8 │ 4 6
  ┼────────────────────────┼
 5 6 │ 4 1 4 4 │ 7 4
 6 6 │ 1 1 8 8 │ 1 8

# Square 11  (outer=234146730, inner=408819779064)
TL=(7,1,4,9) TR=(8,4,4,4) BL=(4,9,9,9) BR=(7,4,1,9)
 7 1 │ 5 9 6 4 │ 8 4
 4 9 │ 2 1 5 6 │ 4 4
  ┼────────────────────────┼
 3 1 │ 1 6 1 2 │ 5 2
 6 8 │ 6 1 8 8 │ 9 1
 2 8 │ 1 8 2 0 │ 6 5
 6 1 │ 2 8 0 6 │ 4 6
  ┼────────────────────────┼
 4 9 │ 3 6 2 6 │ 7 4
 9 9 │ 1 8 8 1 │ 1 9

# Square 12  (outer=236037551, inner=412055008264)
TL=(7,1,5,2) TR=(2,2,2,8) BL=(4,9,9,7) BR=(7,5,1,2)
 7 1 │ 1 5 6 2 │ 2 2
 5 2 │ 1 4 5 6 │ 2 8
  ┼────────────────────────┼
 3 1 │ 0 3 4 1 │ 1 1
 6 1 │ 3 2 9 4 │ 5 4
 7 6 │ 4 9 4 0 │ 6 5
 5 4 │ 1 4 0 4 │ 2 6
  ┼────────────────────────┼
 4 9 │ 3 6 7 5 │ 7 5
 9 7 │ 1 1 6 4 │ 1 2

# Square 13  (outer=283025555, inner=442541257721)
TL=(7,1,5,8) TR=(3,7,7,3) BL=(3,9,9,1) BR=(7,5,1,8)
 7 1 │ 2 6 2 7 │ 3 7
 5 8 │ 4 2 3 4 │ 7 3
  ┼────────────────────────┼
 2 1 │ 0 5 0 4 │ 2 4
 9 6 │ 5 9 5 2 │ 6 2
 2 3 │ 0 5 2 9 │ 2 3
 5 8 │ 4 2 9 2 │ 7 4
  ┼────────────────────────┼
 3 9 │ 2 9 2 5 │ 7 5
 9 1 │ 1 6 3 8 │ 1 8

# Square 14  (outer=339300785, inner=495429683594)
TL=(7,1,6,7) TR=(5,2,2,8) BL=(1,9,9,3) BR=(7,6,1,7)
 7 1 │ 3 6 9 2 │ 5 2
 6 7 │ 1 8 7 6 │ 2 8
  ┼────────────────────────┼
 1 1 │ 0 3 4 1 │ 3 1
 4 5 │ 3 0 6 0 │ 6 8
 4 8 │ 4 6 5 6 │ 9 7
 4 1 │ 1 0 6 6 │ 2 6
  ┼────────────────────────┼
 1 9 │ 1 4 4 4 │ 7 6
 9 3 │ 1 5 8 1 │ 1 7

# Square 15  (outer=341875798, inner=499686181377)
TL=(7,1,6,7) TR=(7,3,3,9) BL=(8,8,8,1) BR=(7,6,1,7)
 7 1 │ 5 1 8 3 │ 7 3
 6 7 │ 2 6 1 3 │ 3 9
  ┼────────────────────────┼
 6 1 │ 3 1 7 2 │ 5 2
 6 3 │ 1 0 0 8 │ 1 6
 8 7 │ 7 0 4 7 │ 8 1
 8 7 │ 2 8 7 1 │ 3 3
  ┼────────────────────────┼
 8 8 │ 6 6 8 8 │ 7 6
 8 1 │ 1 3 7 7 │ 1 7

# Square 16  (outer=361855433, inner=534336655062)
TL=(7,1,6,9) TR=(8,4,4,9) BL=(2,8,8,4) BR=(7,6,1,9)
 7 1 │ 5 9 6 4 │ 8 4
 6 9 │ 3 3 8 1 │ 4 9
  ┼────────────────────────┼
 2 1 │ 1 1 1 3 │ 5 3
 1 5 │ 1 3 9 5 │ 9 3
 2 9 │ 1 9 7 2 │ 6 8
 8 6 │ 3 5 2 6 │ 4 1
  ┼────────────────────────┼
 2 8 │ 2 1 2 8 │ 7 6
 8 4 │ 1 5 9 6 │ 1 9

# Square 17  (outer=474422738, inner=661201164544)
TL=(7,1,8,7) TR=(4,4,4,2) BL=(4,6,6,9) BR=(7,8,1,7)
 7 1 │ 3 1 2 4 │ 4 4
 8 7 │ 3 6 5 4 │ 4 2
  ┼────────────────────────┼
 3 1 │ 1 0 2 3 │ 3 3
 5 1 │ 0 8 1 6 │ 1 6
 8 7 │ 2 1 7 5 │ 2 5
 8 3 │ 3 6 5 2 │ 4 4
  ┼────────────────────────┼
 4 6 │ 3 5 8 8 │ 7 8
 6 9 │ 1 1 7 3 │ 1 7

# Square 18  (outer=589495755, inner=845583296010)
TL=(7,2,2,1) TR=(1,8,7,2) BL=(1,7,8,2) BR=(8,7,7,9)
 7 2 │ 1 2 9 6 │ 1 8
 2 1 │ 1 5 1 2 │ 7 2
  ┼────────────────────────┼
 1 1 │ 0 1 7 6 │ 1 6
 2 5 │ 1 1 0 0 │ 4 4
 9 1 │ 7 0 0 7 │ 7 7
 6 2 │ 6 0 7 6 │ 9 8
  ┼────────────────────────┼
 1 7 │ 1 4 7 9 │ 8 7
 8 2 │ 6 4 7 8 │ 7 9

# Square 19  (outer=589611974, inner=845807017685)
TL=(7,2,2,1) TR=(2,2,6,5) BL=(2,6,2,5) BR=(4,7,7,1)
 7 2 │ 1 5 8 4 │ 2 2
 2 1 │ 1 3 6 5 │ 6 5
  ┼────────────────────────┼
 1 1 │ 0 1 2 1 │ 1 1
 5 3 │ 1 4 3 1 │ 2 7
 8 6 │ 2 3 2 2 │ 2 7
 4 5 │ 1 1 2 5 │ 2 5
  ┼────────────────────────┼
 2 6 │ 1 2 2 2 │ 4 7
 2 5 │ 1 7 7 5 │ 7 1

# Square 20  (outer=606772059, inner=879363193605)
TL=(7,2,2,4) TR=(9,1,7,7) BL=(9,7,1,7) BR=(7,9,9,4)
 7 2 │ 6 5 5 2 │ 9 1
 2 4 │ 1 8 4 8 │ 7 7
  ┼────────────────────────┼
 6 1 │ 4 3 3 1 │ 7 1
 5 8 │ 3 7 7 0 │ 6 5
 5 4 │ 3 7 2 6 │ 6 9
 2 8 │ 1 0 6 4 │ 3 8
  ┼────────────────────────┼
 9 7 │ 7 6 6 3 │ 7 9
 1 7 │ 1 5 9 8 │ 9 4

# Square 21  (outer=610999330, inner=885989593627)
TL=(7,2,2,6) TR=(2,2,9,1) BL=(2,9,2,1) BR=(8,5,5,8)
 7 2 │ 1 5 8 4 │ 2 2
 2 6 │ 2 3 6 6 │ 9 1
  ┼────────────────────────┼
 1 2 │ 0 2 5 2 │ 2 1
 5 3 │ 2 2 2 6 │ 4 2
 8 6 │ 5 2 4 6 │ 6 1
 4 6 │ 2 6 6 8 │ 5 8
  ┼────────────────────────┼
 2 9 │ 2 4 6 5 │ 8 5
 2 1 │ 1 2 1 8 │ 5 8

# Square 22  (outer=611212582, inner=886458748135)
TL=(7,2,2,6) TR=(2,6,7,1) BL=(2,7,6,1) BR=(8,4,4,8)
 7 2 │ 1 8 7 2 │ 2 6
 2 6 │ 1 8 4 6 │ 7 1
  ┼────────────────────────┼
 1 1 │ 0 2 4 2 │ 2 2
 8 8 │ 2 5 5 2 │ 2 9
 7 4 │ 4 5 8 8 │ 6 2
 2 6 │ 2 2 8 8 │ 8 8
  ┼────────────────────────┼
 2 7 │ 2 2 6 8 │ 8 4
 6 1 │ 2 9 2 8 │ 4 8

# Square 23  (outer=611270404, inner=886585956559)
TL=(7,2,2,6) TR=(2,7,4,8) BL=(2,4,7,8) BR=(5,4,4,1)
 7 2 │ 1 9 4 4 │ 2 7
 2 6 │ 1 2 4 8 │ 4 8
  ┼────────────────────────┼
 1 1 │ 0 1 4 3 │ 1 3
 9 2 │ 1 9 3 2 │ 2 1
 4 4 │ 4 3 5 6 │ 9 9
 4 8 │ 3 2 6 4 │ 6 8
  ┼────────────────────────┼
 2 4 │ 1 2 9 6 │ 5 4
 7 8 │ 3 1 9 8 │ 4 1

# Square 24  (outer=612352002, inner=888965473141)
TL=(7,2,2,6) TR=(4,8,8,9) BL=(6,8,8,3) BR=(7,2,2,6)
 7 2 │ 3 4 5 6 │ 4 8
 2 6 │ 2 3 1 4 │ 8 9
  ┼────────────────────────┼
 4 2 │ 1 3 4 4 │ 3 2
 8 1 │ 3 4 8 3 │ 4 3
 9 5 │ 4 8 4 5 │ 5 1
 6 8 │ 4 3 5 2 │ 6 4
  ┼────────────────────────┼
 6 8 │ 4 8 9 6 │ 7 2
 8 3 │ 2 1 5 8 │ 2 6

# Square 25  (outer=613634344, inner=891786625026)
TL=(7,2,2,6) TR=(6,8,8,3) BL=(4,8,8,9) BR=(7,2,2,6)
 7 2 │ 4 8 9 6 │ 6 8
 2 6 │ 2 1 5 8 │ 8 3
  ┼────────────────────────┼
 3 2 │ 1 3 4 4 │ 4 2
 4 3 │ 3 4 8 3 │ 8 1
 5 1 │ 4 8 4 5 │ 9 5
 6 4 │ 4 3 5 2 │ 6 8
  ┼────────────────────────┼
 4 8 │ 3 4 5 6 │ 7 2
 8 9 │ 2 3 1 4 │ 2 6

# Square 26  (outer=619662667, inner=906060497102)
TL=(7,2,2,7) TR=(7,6,4,4) BL=(7,4,6,4) BR=(3,1,1,9)
 7 2 │ 5 4 7 2 │ 7 6
 2 7 │ 1 1 8 8 │ 4 4
  ┼────────────────────────┼
 5 1 │ 1 0 7 1 │ 2 1
 4 1 │ 0 9 0 2 │ 2 2
 7 8 │ 7 0 9 8 │ 9 1
 2 8 │ 1 2 8 8 │ 4 6
  ┼────────────────────────┼
 7 4 │ 2 2 9 4 │ 3 1
 6 4 │ 1 2 1 6 │ 1 9

# Square 27  (outer=625417535, inner=919249308657)
TL=(7,2,2,8) TR=(7,9,5,1) BL=(7,5,9,1) BR=(8,5,5,1)
 7 2 │ 5 6 8 8 │ 7 9
 2 8 │ 1 4 2 8 │ 5 1
  ┼────────────────────────┼
 5 1 │ 3 2 6 4 │ 6 4
 6 4 │ 2 3 0 4 │ 3 6
 8 2 │ 6 0 6 8 │ 7 4
 8 8 │ 4 4 8 8 │ 5 1
  ┼────────────────────────┼
 7 5 │ 6 3 7 5 │ 8 5
 9 1 │ 4 6 4 1 │ 5 1

# Square 28  (outer=626540136, inner=921719031291)
TL=(7,2,2,8) TR=(9,7,4,2) BL=(9,4,7,2) BR=(7,4,4,4)
 7 2 │ 6 9 8 4 │ 9 7
 2 8 │ 1 1 7 6 │ 4 2
  ┼────────────────────────┼
 6 1 │ 3 8 4 3 │ 6 3
 9 1 │ 8 2 8 1 │ 9 1
 8 7 │ 4 8 7 2 │ 5 6
 4 6 │ 3 1 2 8 │ 6 8
  ┼────────────────────────┼
 9 4 │ 6 9 5 6 │ 7 4
 7 2 │ 3 1 6 8 │ 4 4

# Square 29  (outer=686500655, inner=1064901653322)
TL=(7,2,4,1) TR=(1,8,8,1) BL=(3,9,9,1) BR=(7,4,2,1)
 7 2 │ 1 2 9 6 │ 1 8
 4 1 │ 3 3 2 1 │ 8 1
  ┼────────────────────────┼
 2 1 │ 0 2 7 3 │ 1 3
 8 9 │ 2 0 4 7 │ 2 3
 8 1 │ 7 4 5 2 │ 9 2
 6 1 │ 3 7 2 1 │ 6 1
  ┼────────────────────────┼
 3 9 │ 2 8 8 6 │ 7 4
 9 1 │ 1 9 1 1 │ 2 1

# Square 30  (outer=692147122, inner=1075968729552)
TL=(7,2,4,1) TR=(8,8,8,1) BL=(7,9,9,1) BR=(7,4,2,1)
 7 2 │ 6 3 3 6 │ 8 8
 4 1 │ 3 3 2 1 │ 8 1
  ┼────────────────────────┼
 5 1 │ 3 2 1 3 │ 6 3
 8 9 │ 2 9 3 7 │ 3 3
 4 1 │ 1 3 1 2 │ 3 2
 6 1 │ 3 7 2 1 │ 6 1
  ┼────────────────────────┼
 7 9 │ 5 8 4 6 │ 7 4
 9 1 │ 1 9 1 1 │ 2 1

# Square 31  (outer=708701649, inner=1109042494885)
TL=(7,2,4,4) TR=(5,3,3,8) BL=(9,8,8,1) BR=(7,4,2,4)
 7 2 │ 3 8 1 6 │ 5 3
 4 4 │ 1 6 7 2 │ 3 8
  ┼────────────────────────┼
 7 1 │ 2 2 0 1 │ 3 1
 2 9 │ 2 4 9 4 │ 8 6
 5 4 │ 0 9 1 8 │ 1 7
 2 4 │ 1 4 8 8 │ 6 2
  ┼────────────────────────┼
 9 8 │ 7 2 5 2 │ 7 4
 8 1 │ 1 9 4 4 │ 2 4

# Square 32  (outer=978091400, inner=1671846319572)
TL=(7,2,8,6) TR=(9,1,1,3) BL=(6,7,7,1) BR=(7,8,2,6)
 7 2 │ 6 5 5 2 │ 9 1
 8 6 │ 1 1 1 8 │ 1 3
  ┼────────────────────────┼
 5 1 │ 3 1 1 1 │ 6 1
 2 8 │ 1 4 2 8 │ 5 1
 2 4 │ 1 2 2 4 │ 5 1
 6 6 │ 1 8 4 8 │ 2 8
  ┼────────────────────────┼
 6 7 │ 5 2 2 6 │ 7 8
 7 1 │ 1 8 4 6 │ 2 6

# Square 33  (outer=1062453166, inner=1873672419549)
TL=(7,2,9,9) TR=(3,3,3,2) BL=(2,5,5,7) BR=(7,9,2,9)
 7 2 │ 2 3 7 6 │ 3 3
 9 9 │ 3 1 6 8 │ 3 2
  ┼────────────────────────┼
 1 1 │ 0 2 5 3 │ 2 3
 9 6 │ 2 9 7 6 │ 3 1
 7 5 │ 5 7 0 0 │ 7 6
 5 3 │ 3 6 0 4 │ 6 8
  ┼────────────────────────┼
 2 5 │ 1 9 7 5 │ 7 9
 5 7 │ 1 6 5 3 │ 2 9

# Square 34  (outer=1150639475, inner=2112851506964)
TL=(7,3,3,2) TR=(3,2,6,1) BL=(3,6,2,1) BR=(4,7,7,5)
 7 3 │ 2 3 3 6 │ 3 2
 3 2 │ 1 9 5 2 │ 6 1
  ┼────────────────────────┼
 2 1 │ 0 2 3 1 │ 1 1
 3 9 │ 2 5 3 5 │ 6 5
 3 5 │ 3 3 9 5 │ 9 7
 6 2 │ 1 5 5 0 │ 2 5
  ┼────────────────────────┼
 3 6 │ 1 6 9 2 │ 4 7
 2 1 │ 1 5 7 5 │ 7 5

# Square 35  (outer=1172779765, inner=2171072246669)
TL=(7,3,3,5) TR=(8,4,7,3) BL=(8,7,4,3) BR=(9,4,4,4)
 7 3 │ 6 1 3 2 │ 8 4
 3 5 │ 2 5 5 5 │ 7 3
  ┼────────────────────────┼
 6 2 │ 5 0 2 2 │ 8 1
 1 5 │ 0 2 7 0 │ 1 8
 3 5 │ 2 7 6 5 │ 7 9
 2 5 │ 2 0 5 0 │ 8 2
  ┼────────────────────────┼
 8 7 │ 8 1 7 8 │ 9 4
 4 3 │ 1 8 9 2 │ 4 4

# Square 36  (outer=1173622804, inner=2172563582962)
TL=(7,3,3,5) TR=(9,9,3,3) BL=(9,3,9,3) BR=(9,6,6,8)
 7 3 │ 7 2 2 7 │ 9 9
 3 5 │ 1 1 5 5 │ 3 3
  ┼────────────────────────┼
 7 1 │ 6 1 0 6 │ 8 6
 2 1 │ 1 9 5 3 │ 9 3
 2 5 │ 0 5 5 0 │ 2 2
 7 5 │ 6 3 0 0 │ 8 4
  ┼────────────────────────┼
 9 3 │ 8 9 2 8 │ 9 6
 9 3 │ 6 3 2 4 │ 6 8

# Square 37  (outer=1173970800, inner=2173446727174)
TL=(7,3,3,6) TR=(2,1,7,4) BL=(2,7,1,4) BR=(4,8,8,9)
 7 3 │ 1 5 3 3 │ 2 1
 3 6 │ 2 6 6 4 │ 7 4
  ┼────────────────────────┼
 1 2 │ 0 1 3 2 │ 1 1
 5 6 │ 1 2 3 2 │ 2 2
 3 6 │ 3 3 8 4 │ 9 4
 3 4 │ 2 2 4 4 │ 6 6
  ┼────────────────────────┼
 2 7 │ 1 2 9 6 │ 4 8
 1 4 │ 1 2 4 6 │ 8 9

# Square 38  (outer=1174095304, inner=2173796085473)
TL=(7,3,3,6) TR=(2,4,4,7) BL=(2,4,4,7) BR=(5,2,2,8)
 7 3 │ 1 7 5 2 │ 2 4
 3 6 │ 1 6 9 2 │ 4 7
  ┼────────────────────────┼
 1 1 │ 0 1 2 1 │ 1 1
 7 6 │ 1 7 4 8 │ 2 3
 5 9 │ 2 4 1 9 │ 4 1
 2 2 │ 1 8 9 2 │ 8 6
  ┼────────────────────────┼
 2 4 │ 1 2 4 8 │ 5 2
 4 7 │ 1 3 1 6 │ 2 8

# Square 39  (outer=1188834982, inner=2217994152469)
TL=(7,3,3,8) TR=(2,5,8,2) BL=(2,8,5,2) BR=(8,8,8,8)
 7 3 │ 1 8 2 5 │ 2 5
 3 8 │ 3 1 1 6 │ 8 2
  ┼────────────────────────┼
 1 3 │ 0 3 1 2 │ 2 4
 8 1 │ 3 6 4 5 │ 4 5
 2 1 │ 1 4 0 7 │ 6 7
 5 6 │ 2 5 7 6 │ 4 6
  ┼────────────────────────┼
 2 8 │ 2 4 6 4 │ 8 8
 5 2 │ 4 5 7 6 │ 8 8

# Square 40  (outer=1200057115, inner=2252235899623)
TL=(7,3,3,9) TR=(7,1,6,7) BL=(7,6,1,7) BR=(8,8,8,1)
 7 3 │ 5 1 8 3 │ 7 1
 3 9 │ 2 6 1 3 │ 6 7
  ┼────────────────────────┼
 5 2 │ 3 1 7 2 │ 6 1
 1 6 │ 1 0 0 8 │ 6 3
 8 1 │ 7 0 4 7 │ 8 7
 3 3 │ 2 8 7 1 │ 8 7
  ┼────────────────────────┼
 7 6 │ 6 6 8 8 │ 8 8
 1 7 │ 1 3 7 7 │ 8 1

# Square 41  (outer=1206890879, inner=2271880020837)
TL=(7,3,4,1) TR=(6,4,4,1) BL=(2,4,4,7) BR=(7,4,3,1)
 7 3 │ 4 6 7 2 │ 6 4
 4 1 │ 1 6 8 1 │ 4 1
  ┼────────────────────────┼
 1 1 │ 0 4 5 1 │ 4 1
 7 4 │ 4 8 8 4 │ 6 6
 7 5 │ 5 8 5 0 │ 7 8
 6 7 │ 1 4 0 7 │ 2 1
  ┼────────────────────────┼
 2 4 │ 1 7 7 6 │ 7 4
 4 7 │ 1 4 5 7 │ 3 1

# Square 42  (outer=1213341799, inner=2288072108181)
TL=(7,3,4,2) TR=(5,3,3,2) BL=(9,8,8,8) BR=(7,4,3,2)
 7 3 │ 3 8 6 9 │ 5 3
 4 2 │ 1 3 4 4 │ 3 2
  ┼────────────────────────┼
 7 2 │ 2 2 3 2 │ 3 1
 2 8 │ 2 3 2 4 │ 8 3
 5 1 │ 3 2 6 4 │ 6 4
 2 6 │ 2 4 4 4 │ 9 4
  ┼────────────────────────┼
 9 8 │ 7 2 5 2 │ 7 4
 8 8 │ 2 8 1 6 │ 3 2

# Square 43  (outer=1244431896, inner=2363706527240)
TL=(7,3,4,7) TR=(1,6,6,9) BL=(2,7,7,9) BR=(7,4,3,7)
 7 3 │ 1 1 6 8 │ 1 6
 4 7 │ 3 2 4 3 │ 6 9
  ┼────────────────────────┼
 1 2 │ 0 1 5 6 │ 1 3
 9 9 │ 1 1 8 8 │ 1 2
 9 2 │ 5 8 8 8 │ 6 4
 8 3 │ 6 8 8 9 │ 8 3
  ┼────────────────────────┼
 2 7 │ 1 9 9 8 │ 7 4
 7 9 │ 2 9 2 3 │ 3 7

# Square 44  (outer=1312180585, inner=2506115058856)
TL=(7,3,5,6) TR=(9,5,5,6) BL=(3,3,3,1) BR=(7,5,3,6)
 7 3 │ 6 9 3 5 │ 9 5
 5 6 │ 3 1 3 6 │ 5 6
  ┼────────────────────────┼
 2 1 │ 1 3 2 3 │ 6 3
 4 1 │ 3 7 3 1 │ 9 1
 7 1 │ 2 3 4 3 │ 3 3
 5 6 │ 3 1 3 6 │ 5 6
  ┼────────────────────────┼
 3 3 │ 2 4 7 5 │ 7 5
 3 1 │ 1 1 1 6 │ 3 6

# Square 45  (outer=1402529410, inner=2726953636306)
TL=(7,3,6,9) TR=(4,7,7,7) BL=(2,6,6,7) BR=(7,6,3,9)
 7 3 │ 3 4 3 1 │ 4 7
 6 9 │ 5 3 1 3 │ 7 7
  ┼────────────────────────┼
 1 2 │ 0 4 2 0 │ 3 5
 9 6 │ 4 1 2 8 │ 4 3
 7 1 │ 2 2 0 1 │ 3 1
 6 3 │ 0 8 1 9 │ 1 3
  ┼────────────────────────┼
 2 6 │ 1 9 7 6 │ 7 6
 6 7 │ 2 6 1 3 │ 3 9

# Square 46  (outer=1423982278, inner=2790014107829)
TL=(7,3,7,2) TR=(8,6,6,8) BL=(7,5,5,3) BR=(7,7,3,2)
 7 3 │ 6 2 7 8 │ 8 6
 7 2 │ 4 8 9 6 │ 6 8
  ┼────────────────────────┼
 5 1 │ 3 2 6 4 │ 6 4
 7 6 │ 2 1 2 8 │ 2 8
 7 9 │ 6 2 4 1 │ 7 9
 5 6 │ 4 8 1 6 │ 8 6
  ┼────────────────────────┼
 7 5 │ 5 7 7 5 │ 7 7
 5 3 │ 1 6 9 6 │ 3 2

# Square 47  (outer=1426402222, inner=2796917367742)
TL=(7,3,7,3) TR=(2,6,6,4) BL=(1,5,5,4) BR=(7,7,3,3)
 7 3 │ 1 8 9 8 │ 2 6
 7 3 │ 4 6 7 2 │ 6 4
  ┼────────────────────────┼
 1 1 │ 0 1 5 4 │ 1 4
 1 7 │ 1 4 6 2 │ 8 6
 5 8 │ 5 6 2 6 │ 9 7
 5 2 │ 4 2 6 4 │ 8 2
  ┼────────────────────────┼
 1 5 │ 1 1 5 5 │ 7 7
 5 4 │ 1 7 8 2 │ 3 3

# Square 48  (outer=1432633783, inner=2815549737248)
TL=(7,3,7,3) TR=(8,6,6,4) BL=(7,5,5,4) BR=(7,7,3,3)
 7 3 │ 6 2 7 8 │ 8 6
 7 3 │ 4 6 7 2 │ 6 4
  ┼────────────────────────┼
 5 1 │ 3 2 6 4 │ 6 4
 7 7 │ 2 0 0 2 │ 2 6
 7 8 │ 6 0 0 6 │ 7 7
 5 2 │ 4 2 6 4 │ 8 2
  ┼────────────────────────┼
 7 5 │ 5 7 7 5 │ 7 7
 5 4 │ 1 7 8 2 │ 3 3

# Square 49  (outer=1495132879, inner=3000114288365)
TL=(7,3,8,2) TR=(5,2,2,9) BL=(5,7,7,6) BR=(7,8,3,2)
 7 3 │ 3 7 9 6 │ 5 2
 8 2 │ 2 3 7 8 │ 2 9
  ┼────────────────────────┼
 4 2 │ 1 3 4 4 │ 3 2
 4 4 │ 3 2 1 2 │ 7 3
 4 3 │ 4 1 7 1 │ 9 7
 6 2 │ 4 2 1 6 │ 6 8
  ┼────────────────────────┼
 5 7 │ 4 4 4 6 │ 7 8
 7 6 │ 2 4 3 2 │ 3 2

# Square 50  (outer=1550298262, inner=3141518839516)
TL=(7,3,8,9) TR=(2,9,9,3) BL=(9,6,6,9) BR=(7,8,3,9)
 7 3 │ 2 1 1 7 │ 2 9
 8 9 │ 8 2 7 7 │ 9 3
  ┼────────────────────────┼
 7 2 │ 2 0 1 6 │ 2 8
 4 6 │ 0 5 5 2 │ 1 2
 8 9 │ 1 5 1 3 │ 1 7
 8 1 │ 6 2 3 7 │ 7 7
  ┼────────────────────────┼
 9 6 │ 7 4 8 8 │ 7 8
 6 9 │ 2 6 9 1 │ 3 9

# Square 51  (outer=1648468667, inner=3430504931360)
TL=(7,4,1,8) TR=(5,6,6,6) BL=(8,4,4,7) BR=(7,1,4,8)
 7 4 │ 4 1 4 4 │ 5 6
 1 8 │ 1 1 8 8 │ 6 6
  ┼────────────────────────┼
 5 2 │ 2 1 3 2 │ 4 1
 9 2 │ 1 0 1 2 │ 1 1
 6 5 │ 3 1 2 0 │ 4 8
 4 6 │ 2 2 0 8 │ 4 8
  ┼────────────────────────┼
 8 4 │ 5 9 6 4 │ 7 1
 4 7 │ 2 2 5 6 │ 4 8

# Square 52  (outer=1652636579, inner=3443827610553)
TL=(7,4,1,9) TR=(4,9,9,9) BL=(8,4,4,4) BR=(7,1,4,9)
 7 4 │ 3 6 2 6 │ 4 9
 1 9 │ 1 8 8 1 │ 9 9
  ┼────────────────────────┼
 5 2 │ 1 6 1 2 │ 3 1
 9 1 │ 6 1 8 8 │ 6 8
 6 5 │ 1 8 2 0 │ 2 8
 4 6 │ 2 8 0 6 │ 6 1
  ┼────────────────────────┼
 8 4 │ 5 9 6 4 │ 7 1
 4 4 │ 2 1 5 6 │ 4 9

# Square 53  (outer=1656917516, inner=3457961465609)
TL=(7,4,2,1) TR=(3,9,9,1) BL=(1,8,8,1) BR=(7,2,4,1)
 7 4 │ 2 8 8 6 │ 3 9
 2 1 │ 1 9 1 1 │ 9 1
  ┼────────────────────────┼
 1 3 │ 0 2 7 3 │ 2 1
 2 3 │ 2 0 4 7 │ 8 9
 9 2 │ 7 4 5 2 │ 8 1
 6 1 │ 3 7 2 1 │ 6 1
  ┼────────────────────────┼
 1 8 │ 1 2 9 6 │ 7 2
 8 1 │ 3 3 2 1 │ 4 1

# Square 54  (outer=1659156694, inner=3464611826699)
TL=(7,4,2,1) TR=(7,9,9,1) BL=(8,8,8,1) BR=(7,2,4,1)
 7 4 │ 5 8 4 6 │ 7 9
 2 1 │ 1 9 1 1 │ 9 1
  ┼────────────────────────┼
 6 3 │ 3 2 1 3 │ 5 1
 3 3 │ 2 9 3 7 │ 8 9
 3 2 │ 1 3 1 2 │ 4 1
 6 1 │ 3 7 2 1 │ 6 1
  ┼────────────────────────┼
 8 8 │ 6 3 3 6 │ 7 2
 8 1 │ 3 3 2 1 │ 4 1

# Square 55  (outer=1674503505, inner=3507422481766)
TL=(7,4,2,4) TR=(9,8,8,1) BL=(5,3,3,8) BR=(7,2,4,4)
 7 4 │ 7 2 5 2 │ 9 8
 2 4 │ 1 9 4 4 │ 8 1
  ┼────────────────────────┼
 3 1 │ 2 2 0 1 │ 7 1
 8 6 │ 2 4 9 4 │ 2 9
 1 7 │ 0 9 1 8 │ 5 4
 6 2 │ 1 4 8 8 │ 2 4
  ┼────────────────────────┼
 5 3 │ 3 8 1 6 │ 7 2
 3 8 │ 1 6 7 2 │ 4 4

# Square 56  (outer=1701606918, inner=3582242433999)
TL=(7,4,3,1) TR=(2,4,4,7) BL=(6,4,4,1) BR=(7,3,4,1)
 7 4 │ 1 7 7 6 │ 2 4
 3 1 │ 1 4 5 7 │ 4 7
  ┼────────────────────────┼
 4 1 │ 0 4 5 1 │ 1 1
 6 6 │ 4 8 8 4 │ 7 4
 7 8 │ 5 8 5 0 │ 7 5
 2 1 │ 1 4 0 7 │ 6 7
  ┼────────────────────────┼
 6 4 │ 4 6 7 2 │ 7 3
 4 1 │ 1 6 8 1 │ 4 1

# Square 57  (outer=1713129613, inner=3617749711266)
TL=(7,4,3,2) TR=(9,8,8,8) BL=(5,3,3,2) BR=(7,3,4,2)
 7 4 │ 7 2 5 2 │ 9 8
 3 2 │ 2 8 1 6 │ 8 8
  ┼────────────────────────┼
 3 1 │ 2 2 3 2 │ 7 2
 8 3 │ 2 3 2 4 │ 2 8
 6 4 │ 3 2 6 4 │ 5 1
 9 4 │ 2 4 4 4 │ 2 6
  ┼────────────────────────┼
 5 3 │ 3 8 6 9 │ 7 3
 3 2 │ 1 3 4 4 │ 4 2

# Square 58  (outer=1736931341, inner=3687034893385)
TL=(7,4,3,7) TR=(2,7,7,9) BL=(1,6,6,9) BR=(7,3,4,7)
 7 4 │ 1 9 9 8 │ 2 7
 3 7 │ 2 9 2 3 │ 7 9
  ┼────────────────────────┼
 1 3 │ 0 1 5 6 │ 1 2
 1 2 │ 1 1 8 8 │ 9 9
 6 4 │ 5 8 8 8 │ 9 2
 8 3 │ 6 8 8 9 │ 8 3
  ┼────────────────────────┼
 1 6 │ 1 1 6 8 │ 7 3
 6 9 │ 3 2 4 3 │ 4 7

# Square 59  (outer=1764660178, inner=3776326549358)
TL=(7,4,4,2) TR=(2,1,8,7) BL=(2,8,1,7) BR=(4,6,6,9)
 7 4 │ 1 5 5 4 │ 2 1
 4 2 │ 3 6 5 4 │ 8 7
  ┼────────────────────────┼
 1 3 │ 0 1 4 3 │ 1 1
 5 6 │ 1 1 7 6 │ 2 1
 5 5 │ 4 7 8 5 │ 8 7
 4 4 │ 3 6 5 2 │ 8 3
  ┼────────────────────────┼
 2 8 │ 1 2 8 8 │ 4 6
 1 7 │ 1 1 7 3 │ 6 9

# Square 60  (outer=1771084185, inner=3793316270223)
TL=(7,4,4,3) TR=(1,8,8,9) BL=(1,8,8,9) BR=(9,8,8,4)
 7 4 │ 1 3 3 2 │ 1 8
 4 3 │ 3 8 2 7 │ 8 9
  ┼────────────────────────┼
 1 3 │ 0 2 2 1 │ 1 7
 3 8 │ 2 8 1 2 │ 7 4
 3 2 │ 2 1 4 4 │ 6 7
 2 7 │ 1 2 4 2 │ 4 6
  ┼────────────────────────┼
 1 8 │ 1 7 6 4 │ 9 8
 8 9 │ 7 4 7 6 │ 8 4

# Square 61  (outer=1782832225, inner=3827971869350)
TL=(7,4,4,4) TR=(7,7,4,3) BL=(7,4,7,3) BR=(8,6,6,3)
 7 4 │ 5 6 9 8 │ 7 7
 4 4 │ 1 8 9 2 │ 4 3
  ┼────────────────────────┼
 5 1 │ 3 2 6 4 │ 6 4
 6 8 │ 2 3 8 0 │ 3 5
 9 9 │ 6 8 3 1 │ 6 9
 8 2 │ 4 0 1 8 │ 4 9
  ┼────────────────────────┼
 7 4 │ 6 3 6 4 │ 8 6
 7 3 │ 4 5 9 9 │ 6 3

# Square 62  (outer=1783318294, inner=3829305642855)
TL=(7,4,4,4) TR=(8,1,7,7) BL=(8,7,1,7) BR=(4,8,8,4)
 7 4 │ 5 9 9 4 │ 8 1
 4 4 │ 3 3 8 8 │ 7 7
  ┼────────────────────────┼
 5 3 │ 2 1 7 3 │ 4 1
 9 3 │ 1 3 0 2 │ 1 4
 9 8 │ 7 0 5 6 │ 7 2
 4 8 │ 3 2 6 4 │ 6 8
  ┼────────────────────────┼
 8 7 │ 4 1 7 6 │ 4 8
 1 7 │ 1 4 2 8 │ 8 4

# Square 63  (outer=1783870328, inner=3830820424342)
TL=(7,4,4,4) TR=(8,7,7,1) BL=(8,7,7,1) BR=(3,2,2,2)
 7 4 │ 6 4 3 8 │ 8 7
 4 4 │ 3 1 2 4 │ 7 1
  ┼────────────────────────┼
 6 3 │ 1 3 2 3 │ 2 1
 4 1 │ 3 0 7 5 │ 7 5
 3 2 │ 2 7 5 2 │ 8 6
 8 4 │ 3 5 2 8 │ 4 2
  ┼────────────────────────┼
 8 7 │ 2 7 8 4 │ 3 2
 7 1 │ 1 5 6 2 │ 2 2

# Square 64  (outer=1784356341, inner=3832154044189)
TL=(7,4,4,4) TR=(9,3,3,7) BL=(9,3,3,7) BR=(5,5,5,3)
 7 4 │ 6 8 8 2 │ 9 3
 4 4 │ 1 6 2 8 │ 3 7
  ┼────────────────────────┼
 6 1 │ 3 1 1 1 │ 5 1
 8 6 │ 1 6 3 4 │ 1 9
 8 2 │ 1 3 1 2 │ 1 6
 2 8 │ 1 4 2 8 │ 5 1
  ┼────────────────────────┼
 9 3 │ 5 1 1 5 │ 5 5
 3 7 │ 1 9 6 1 │ 5 3

# Square 65  (outer=1784549137, inner=3832683076484)
TL=(7,4,4,4) TR=(9,4,7,2) BL=(9,7,4,2) BR=(7,2,2,8)
 7 4 │ 6 9 5 6 │ 9 4
 4 4 │ 3 1 6 8 │ 7 2
  ┼────────────────────────┼
 6 3 │ 3 8 4 3 │ 6 1
 9 1 │ 8 2 8 1 │ 9 1
 5 6 │ 4 8 7 2 │ 8 7
 6 8 │ 3 1 2 8 │ 4 6
  ┼────────────────────────┼
 9 7 │ 6 9 8 4 │ 7 2
 4 2 │ 1 1 7 6 │ 2 8

# Square 66  (outer=1798952810, inner=3869307141615)
TL=(7,4,4,7) TR=(5,7,2,9) BL=(5,2,7,9) BR=(4,9,9,1)
 7 4 │ 4 2 1 8 │ 5 7
 4 7 │ 1 3 6 3 │ 2 9
  ┼────────────────────────┼
 4 1 │ 1 1 0 7 │ 2 7
 2 3 │ 1 1 7 3 │ 5 1
 1 6 │ 0 7 6 8 │ 4 8
 8 3 │ 7 3 8 7 │ 8 9
  ┼────────────────────────┼
 5 2 │ 2 5 4 8 │ 4 9
 7 9 │ 7 1 8 9 │ 9 1

# Square 67  (outer=1802416828, inner=3880170303408)
TL=(7,4,4,7) TR=(9,3,3,1) BL=(9,3,3,1) BR=(5,5,5,4)
 7 4 │ 6 8 8 2 │ 9 3
 4 7 │ 1 4 5 7 │ 3 1
  ┼────────────────────────┼
 6 1 │ 3 1 1 1 │ 5 1
 8 4 │ 1 3 4 4 │ 1 6
 8 5 │ 1 4 4 5 │ 1 7
 2 7 │ 1 4 5 8 │ 5 4
  ┼────────────────────────┼
 9 3 │ 5 1 1 5 │ 5 5
 3 1 │ 1 6 7 4 │ 5 4

# Square 68  (outer=1803795630, inner=3884305201474)
TL=(7,4,4,8) TR=(2,7,7,2) BL=(4,8,8,6) BR=(7,4,4,8)
 7 4 │ 1 9 9 8 │ 2 7
 4 8 │ 3 4 5 6 │ 7 2
  ┼────────────────────────┼
 3 4 │ 0 4 4 2 │ 1 3
 5 1 │ 4 7 9 4 │ 9 4
 5 2 │ 4 9 4 0 │ 9 5
 2 8 │ 2 4 0 8 │ 8 6
  ┼────────────────────────┼
 4 8 │ 3 5 5 2 │ 7 4
 8 6 │ 4 1 2 8 │ 4 8

# Square 69  (outer=1805358362, inner=3888680850415)
TL=(7,4,4,8) TR=(4,8,8,6) BL=(2,7,7,2) BR=(7,4,4,8)
 7 4 │ 3 5 5 2 │ 4 8
 4 8 │ 4 1 2 8 │ 8 6
  ┼────────────────────────┼
 1 3 │ 0 4 4 2 │ 3 4
 9 4 │ 4 7 9 4 │ 5 1
 9 5 │ 4 9 4 0 │ 5 2
 8 6 │ 2 4 0 8 │ 2 8
  ┼────────────────────────┼
 2 7 │ 1 9 9 8 │ 7 4
 7 2 │ 3 4 5 6 │ 4 8

# Square 70  (outer=1806667669, inner=3892346911209)
TL=(7,4,4,8) TR=(6,2,6,1) BL=(6,6,2,1) BR=(2,7,7,8)
 7 4 │ 4 5 8 8 │ 6 2
 4 8 │ 2 9 2 8 │ 6 1
  ┼────────────────────────┼
 4 2 │ 0 4 6 2 │ 1 1
 5 9 │ 4 4 8 4 │ 7 6
 8 2 │ 6 8 0 6 │ 8 3
 8 8 │ 2 4 6 4 │ 2 8
  ┼────────────────────────┼
 6 6 │ 1 7 8 2 │ 2 7
 2 1 │ 1 6 3 8 │ 7 8

# Square 71  (outer=1809615053, inner=3900599587478)
TL=(7,4,4,8) TR=(9,4,9,1) BL=(9,9,4,1) BR=(2,4,4,6)
 7 4 │ 6 9 5 6 │ 9 4
 4 8 │ 4 3 6 8 │ 9 1
  ┼────────────────────────┼
 6 4 │ 1 3 4 4 │ 2 1
 9 3 │ 3 5 3 4 │ 3 8
 5 6 │ 4 3 6 8 │ 7 8
 6 8 │ 4 4 8 8 │ 6 6
  ┼────────────────────────┼
 9 9 │ 2 3 7 6 │ 2 4
 4 1 │ 1 8 8 6 │ 4 6

# Square 72  (outer=1817147122, inner=3924045048169)
TL=(7,4,4,9) TR=(9,8,3,1) BL=(9,3,8,1) BR=(4,1,1,5)
 7 4 │ 7 2 5 2 │ 9 8
 4 9 │ 1 5 1 9 │ 3 1
  ┼────────────────────────┼
 7 1 │ 2 2 0 1 │ 3 1
 2 5 │ 2 0 5 0 │ 8 2
 5 1 │ 0 5 6 1 │ 1 1
 2 9 │ 1 0 1 5 │ 3 5
  ┼────────────────────────┼
 9 3 │ 3 8 1 3 │ 4 1
 8 1 │ 1 2 1 5 │ 1 5

# Square 73  (outer=1836124639, inner=3962551403839)
TL=(7,4,5,3) TR=(5,6,6,2) BL=(2,9,9,8) BR=(7,5,4,3)
 7 4 │ 4 1 4 4 │ 5 6
 5 3 │ 3 2 8 6 │ 6 2
  ┼────────────────────────┼
 2 4 │ 1 0 3 2 │ 4 3
 1 2 │ 0 1 4 4 │ 1 2
 7 1 │ 3 4 0 8 │ 4 8
 5 4 │ 2 4 8 4 │ 4 6
  ┼────────────────────────┼
 2 9 │ 2 1 7 5 │ 7 5
 9 8 │ 4 2 1 4 │ 4 3

# Square 74  (outer=1839135376, inner=3969009435199)
TL=(7,4,5,3) TR=(8,6,6,2) BL=(4,9,9,8) BR=(7,5,4,3)
 7 4 │ 6 3 6 4 │ 8 6
 5 3 │ 3 2 8 6 │ 6 2
  ┼────────────────────────┼
 3 4 │ 2 1 4 2 │ 6 3
 6 2 │ 1 9 8 4 │ 3 2
 7 1 │ 4 8 2 8 │ 6 8
 5 4 │ 2 4 8 4 │ 4 6
  ┼────────────────────────┼
 4 9 │ 3 6 7 5 │ 7 5
 9 8 │ 4 2 1 4 │ 4 3

# Square 75  (outer=1906521753, inner=4124542511452)
TL=(7,4,6,4) TR=(3,1,1,9) BL=(7,2,2,7) BR=(7,6,4,4)
 7 4 │ 2 2 9 4 │ 3 1
 6 4 │ 1 2 1 6 │ 1 9
  ┼────────────────────────┼
 5 1 │ 1 0 7 1 │ 2 1
 4 1 │ 0 9 0 2 │ 2 2
 7 8 │ 7 0 9 8 │ 9 1
 2 8 │ 1 2 8 8 │ 4 6
  ┼────────────────────────┼
 7 2 │ 5 4 7 2 │ 7 6
 2 7 │ 1 1 8 8 │ 4 4

# Square 76  (outer=1924672543, inner=4170922685915)
TL=(7,4,6,7) TR=(2,1,1,7) BL=(3,4,4,8) BR=(7,6,4,7)
 7 4 │ 1 5 5 4 │ 2 1
 6 7 │ 1 1 3 9 │ 1 7
  ┼────────────────────────┼
 2 2 │ 0 2 4 2 │ 1 1
 5 2 │ 2 6 5 2 │ 5 1
 8 5 │ 4 5 0 5 │ 5 3
 4 6 │ 2 2 5 4 │ 4 9
  ┼────────────────────────┼
 3 4 │ 2 5 8 4 │ 7 6
 4 8 │ 2 2 5 6 │ 4 7

# Square 77  (outer=1927291996, inner=4179283981067)
TL=(7,4,6,7) TR=(4,9,9,6) BL=(6,4,4,8) BR=(7,6,4,7)
 7 4 │ 3 6 2 6 │ 4 9
 6 7 │ 6 4 3 2 │ 9 6
  ┼────────────────────────┼
 4 2 │ 1 5 1 2 │ 3 6
 8 2 │ 5 2 4 8 │ 6 4
 6 5 │ 1 4 9 5 │ 2 3
 4 6 │ 2 8 5 2 │ 6 2
  ┼────────────────────────┼
 6 4 │ 4 8 6 4 │ 7 6
 4 8 │ 2 2 5 6 │ 4 7

# Square 78  (outer=1972068015, inner=4323427178232)
TL=(7,4,7,3) TR=(8,6,6,3) BL=(7,4,4,4) BR=(7,7,4,3)
 7 4 │ 6 3 6 4 │ 8 6
 7 3 │ 4 5 9 9 │ 6 3
  ┼────────────────────────┼
 5 1 │ 3 2 6 4 │ 6 4
 6 8 │ 2 3 8 0 │ 3 5
 9 9 │ 6 8 3 1 │ 6 9
 8 2 │ 4 0 1 8 │ 4 9
  ┼────────────────────────┼
 7 4 │ 5 6 9 8 │ 7 7
 4 4 │ 1 8 9 2 │ 4 3

# Square 79  (outer=2005942985, inner=4429994685639)
TL=(7,4,7,8) TR=(5,2,2,1) BL=(5,6,6,1) BR=(7,7,4,8)
 7 4 │ 3 8 4 8 │ 5 2
 7 8 │ 1 6 3 8 │ 2 1
  ┼────────────────────────┼
 4 2 │ 1 3 0 2 │ 3 1
 3 9 │ 3 3 5 4 │ 8 6
 1 2 │ 0 5 1 6 │ 4 3
 2 8 │ 2 4 6 4 │ 8 8
  ┼────────────────────────┼
 5 6 │ 4 3 1 2 │ 7 7
 6 1 │ 2 9 2 8 │ 4 8

# Square 80  (outer=2066882541, inner=4607734541518)
TL=(7,4,8,7) TR=(4,7,7,1) BL=(8,4,4,5) BR=(7,8,4,7)
 7 4 │ 3 4 7 8 │ 4 7
 8 7 │ 6 1 7 7 │ 7 1
  ┼────────────────────────┼
 6 2 │ 2 2 3 2 │ 3 6
 5 1 │ 2 0 9 1 │ 4 1
 5 1 │ 3 9 2 7 │ 7 7
 2 5 │ 2 1 7 5 │ 8 7
  ┼────────────────────────┼
 8 4 │ 6 5 5 2 │ 7 8
 4 5 │ 2 1 1 5 │ 4 7

# Square 81  (outer=2084088914, inner=4658960056467)
TL=(7,4,8,9) TR=(5,1,1,4) BL=(5,7,7,3) BR=(7,8,4,9)
 7 4 │ 3 7 7 4 │ 5 1
 8 9 │ 1 2 4 6 │ 1 4
  ┼────────────────────────┼
 4 3 │ 1 3 3 3 │ 3 1
 4 5 │ 3 2 4 0 │ 7 2
 4 7 │ 3 4 7 8 │ 7 4
 6 7 │ 3 0 8 2 │ 4 6
  ┼────────────────────────┼
 5 7 │ 4 4 4 6 │ 7 8
 7 3 │ 3 5 7 7 │ 4 9

# Square 82  (outer=2159467180, inner=4899374344403)
TL=(7,5,1,2) TR=(4,9,9,7) BL=(2,2,2,8) BR=(7,1,5,2)
 7 5 │ 3 6 7 5 │ 4 9
 1 2 │ 1 1 6 4 │ 9 7
  ┼────────────────────────┼
 1 1 │ 0 3 4 1 │ 3 1
 5 4 │ 3 2 9 4 │ 6 1
 6 5 │ 4 9 4 0 │ 7 6
 2 6 │ 1 4 0 4 │ 5 4
  ┼────────────────────────┼
 2 2 │ 1 5 6 2 │ 7 1
 2 8 │ 1 4 5 6 │ 5 2

# Square 83  (outer=2169758789, inner=4932106332051)
TL=(7,5,1,8) TR=(3,9,9,1) BL=(3,7,7,3) BR=(7,1,5,8)
 7 5 │ 2 9 2 5 │ 3 9
 1 8 │ 1 6 3 8 │ 9 1
  ┼────────────────────────┼
 2 4 │ 0 5 0 4 │ 2 1
 6 2 │ 5 9 5 2 │ 9 6
 2 3 │ 0 5 2 9 │ 2 3
 7 4 │ 4 2 9 2 │ 5 8
  ┼────────────────────────┼
 3 7 │ 2 6 2 7 │ 7 1
 7 3 │ 4 2 3 4 │ 5 8

# Square 84  (outer=2226557068, inner=5109649823937)
TL=(7,5,3,6) TR=(3,3,3,1) BL=(9,5,5,6) BR=(7,3,5,6)
 7 5 │ 2 4 7 5 │ 3 3
 3 6 │ 1 1 1 6 │ 3 1
  ┼────────────────────────┼
 6 3 │ 1 3 2 3 │ 2 1
 9 1 │ 3 7 3 1 │ 4 1
 3 3 │ 2 3 4 3 │ 7 1
 5 6 │ 3 1 3 6 │ 5 6
  ┼────────────────────────┼
 9 5 │ 6 9 3 5 │ 7 3
 5 6 │ 3 1 3 6 │ 5 6

# Square 85  (outer=2254757133, inner=5203932456894)
TL=(7,5,4,3) TR=(2,9,9,8) BL=(5,6,6,2) BR=(7,4,5,3)
 7 5 │ 2 1 7 5 │ 2 9
 4 3 │ 4 2 1 4 │ 9 8
  ┼────────────────────────┼
 4 3 │ 1 0 3 2 │ 2 4
 1 2 │ 0 1 4 4 │ 1 2
 4 8 │ 3 4 0 8 │ 7 1
 4 6 │ 2 4 8 4 │ 5 4
  ┼────────────────────────┼
 5 6 │ 4 1 4 4 │ 7 4
 6 2 │ 3 2 8 6 │ 5 3

# Square 86  (outer=2255924693, inner=5207724692934)
TL=(7,5,4,3) TR=(4,9,9,8) BL=(8,6,6,2) BR=(7,4,5,3)
 7 5 │ 3 6 7 5 │ 4 9
 4 3 │ 4 2 1 4 │ 9 8
  ┼────────────────────────┼
 6 3 │ 2 1 4 2 │ 3 4
 3 2 │ 1 9 8 4 │ 6 2
 6 8 │ 4 8 2 8 │ 7 1
 4 6 │ 2 4 8 4 │ 5 4
  ┼────────────────────────┼
 8 6 │ 6 3 6 4 │ 7 4
 6 2 │ 3 2 8 6 │ 5 3

# Square 87  (outer=2288188465, inner=5303333087671)
TL=(7,5,5,1) TR=(5,3,5,2) BL=(5,5,3,2) BR=(2,5,5,7)
 7 5 │ 3 9 7 5 │ 5 3
 5 1 │ 2 6 5 2 │ 5 2
  ┼────────────────────────┼
 3 2 │ 0 3 5 2 │ 1 1
 9 6 │ 3 6 4 8 │ 3 8
 7 5 │ 5 4 0 0 │ 7 2
 5 2 │ 2 8 0 8 │ 5 4
  ┼────────────────────────┼
 5 5 │ 1 3 7 5 │ 2 5
 3 2 │ 1 8 2 4 │ 5 7

# Square 88  (outer=2292066828, inner=5312777729563)
TL=(7,5,5,2) TR=(2,1,2,8) BL=(2,2,1,8) BR=(5,6,6,2)
 7 5 │ 1 5 7 5 │ 2 1
 5 2 │ 1 4 5 6 │ 2 8
  ┼────────────────────────┼
 1 1 │ 0 1 2 1 │ 1 1
 5 4 │ 1 1 3 4 │ 2 1
 7 5 │ 2 3 2 5 │ 3 1
 5 6 │ 1 4 5 6 │ 2 6
  ┼────────────────────────┼
 2 2 │ 1 2 3 2 │ 5 6
 1 8 │ 1 1 1 6 │ 6 2

# Square 89  (outer=2300212800, inner=5329933552697)
TL=(7,5,5,3) TR=(7,7,3,2) BL=(7,3,7,2) BR=(8,6,6,8)
 7 5 │ 5 7 7 5 │ 7 7
 5 3 │ 1 6 9 6 │ 3 2
  ┼────────────────────────┼
 5 1 │ 3 2 6 4 │ 6 4
 7 6 │ 2 1 2 8 │ 2 8
 7 9 │ 6 2 4 1 │ 7 9
 5 6 │ 4 8 1 6 │ 8 6
  ┼────────────────────────┼
 7 3 │ 6 2 7 8 │ 8 6
 7 2 │ 4 8 9 6 │ 6 8

# Square 90  (outer=2301664200, inner=5333216620012)
TL=(7,5,5,3) TR=(9,7,2,4) BL=(9,2,7,4) BR=(8,1,1,7)
 7 5 │ 7 2 7 5 │ 9 7
 5 3 │ 1 2 7 2 │ 2 4
  ┼────────────────────────┼
 7 1 │ 5 0 4 1 │ 7 1
 2 2 │ 0 9 2 4 │ 4 2
 7 7 │ 4 2 3 5 │ 5 5
 5 2 │ 1 4 5 6 │ 2 8
  ┼────────────────────────┼
 9 2 │ 7 4 5 2 │ 8 1
 7 4 │ 1 2 5 8 │ 1 7

# Square 91  (outer=2305351956, inner=5340910519388)
TL=(7,5,5,4) TR=(7,7,3,3) BL=(7,3,7,3) BR=(8,6,6,4)
 7 5 │ 5 7 7 5 │ 7 7
 5 4 │ 1 7 8 2 │ 3 3
  ┼────────────────────────┼
 5 1 │ 3 2 6 4 │ 6 4
 7 7 │ 2 0 0 2 │ 2 6
 7 8 │ 6 0 0 6 │ 7 7
 5 2 │ 4 2 6 4 │ 8 2
  ┼────────────────────────┼
 7 3 │ 6 2 7 8 │ 8 6
 7 3 │ 4 6 7 2 │ 6 4

# Square 92  (outer=2308444178, inner=5346237695719)
TL=(7,5,5,5) TR=(5,9,4,5) BL=(5,4,9,5) BR=(7,1,1,7)
 7 5 │ 4 4 2 5 │ 5 9
 5 5 │ 2 4 7 5 │ 4 5
  ┼────────────────────────┼
 4 2 │ 1 3 0 2 │ 3 1
 4 4 │ 3 7 8 4 │ 8 6
 2 7 │ 0 8 3 7 │ 3 1
 5 5 │ 2 4 7 5 │ 4 5
  ┼────────────────────────┼
 5 4 │ 3 8 3 4 │ 7 1
 9 5 │ 1 6 1 5 │ 1 7

# Square 93  (outer=2310755015, inner=5349699875730)
TL=(7,5,5,6) TR=(3,3,7,8) BL=(3,7,3,8) BR=(4,9,9,1)
 7 5 │ 2 4 7 5 │ 3 3
 5 6 │ 4 3 6 8 │ 7 8
  ┼────────────────────────┼
 2 4 │ 0 3 1 2 │ 1 3
 4 3 │ 3 6 1 2 │ 8 4
 7 6 │ 1 1 4 0 │ 1 5
 5 8 │ 2 2 0 4 │ 3 8
  ┼────────────────────────┼
 3 7 │ 1 8 1 3 │ 4 9
 3 8 │ 3 4 5 8 │ 9 1

# Square 94  (outer=2312522214, inner=5353283756009)
TL=(7,5,5,6) TR=(6,3,4,6) BL=(6,4,3,6) BR=(2,7,7,7)
 7 5 │ 4 7 2 5 │ 6 3
 5 6 │ 2 5 7 6 │ 4 6
  ┼────────────────────────┼
 4 2 │ 0 5 0 4 │ 1 2
 7 5 │ 5 7 7 5 │ 7 7
 2 7 │ 0 7 2 9 │ 2 7
 5 6 │ 4 5 9 2 │ 8 2
  ┼────────────────────────┼
 6 4 │ 1 7 2 8 │ 2 7
 3 6 │ 2 7 7 2 │ 7 7

# Square 95  (outer=2314315378, inner=5356920293216)
TL=(7,5,5,6) TR=(9,1,2,9) BL=(9,2,1,9) BR=(7,6,6,7)
 7 5 │ 6 8 2 5 │ 9 1
 5 6 │ 1 6 2 4 │ 2 9
  ┼────────────────────────┼
 6 1 │ 3 7 2 1 │ 6 1
 8 6 │ 7 9 1 2 │ 9 2
 2 2 │ 2 1 3 4 │ 9 7
 5 4 │ 1 2 4 2 │ 2 3
  ┼────────────────────────┼
 9 2 │ 6 9 9 2 │ 7 6
 1 9 │ 1 2 7 3 │ 6 7

# Square 96  (outer=2320878229, inner=5371293667534)
TL=(7,5,5,8) TR=(3,3,7,2) BL=(3,7,3,2) BR=(4,9,9,9)
 7 5 │ 2 4 7 5 │ 3 3
 5 8 │ 4 1 7 6 │ 7 2
  ┼────────────────────────┼
 2 4 │ 0 3 1 2 │ 1 3
 4 1 │ 3 3 2 1 │ 8 1
 7 7 │ 1 2 3 2 │ 1 6
 5 6 │ 2 1 2 8 │ 3 8
  ┼────────────────────────┼
 3 7 │ 1 8 1 3 │ 4 9
 3 2 │ 3 1 6 8 │ 9 9

# Square 97  (outer=2326328424, inner=5382996210325)
TL=(7,5,5,9) TR=(3,7,3,6) BL=(3,3,7,6) BR=(4,8,8,2)
 7 5 │ 2 7 7 5 │ 3 7
 5 9 │ 2 1 2 4 │ 3 6
  ┼────────────────────────┼
 2 2 │ 0 3 5 2 │ 1 6
 7 1 │ 3 6 9 2 │ 5 2
 7 2 │ 5 9 7 6 │ 8 3
 5 4 │ 2 2 6 8 │ 4 2
  ┼────────────────────────┼
 3 3 │ 1 5 8 4 │ 4 8
 7 6 │ 6 2 3 2 │ 8 2

# Square 98  (outer=2368394749, inner=5508849907232)
TL=(7,5,6,8) TR=(6,9,9,8) BL=(9,4,4,2) BR=(7,6,5,8)
 7 5 │ 5 1 7 5 │ 6 9
 6 8 │ 6 6 6 4 │ 9 8
  ┼────────────────────────┼
 7 2 │ 4 0 3 2 │ 5 6
 1 4 │ 0 2 2 4 │ 1 6
 4 3 │ 3 2 6 8 │ 7 6
 4 6 │ 2 4 8 4 │ 5 4
  ┼────────────────────────┼
 9 4 │ 7 1 4 4 │ 7 6
 4 2 │ 2 4 3 6 │ 5 8

# Square 99  (outer=2375777614, inner=5533291781189)
TL=(7,5,6,9) TR=(9,1,1,9) BL=(9,2,2,5) BR=(7,6,5,9)
 7 5 │ 6 8 2 5 │ 9 1
 6 9 │ 1 3 1 1 │ 1 9
  ┼────────────────────────┼
 6 1 │ 3 7 2 1 │ 6 1
 9 4 │ 7 8 0 2 │ 8 3
 9 7 │ 2 0 3 7 │ 2 1
 2 5 │ 1 2 7 5 │ 5 1
  ┼────────────────────────┼
 9 2 │ 6 9 9 2 │ 7 6
 2 5 │ 1 4 7 5 │ 5 9

# Square 100  (outer=2476890486, inner=5869474129833)
TL=(7,5,9,1) TR=(8,5,5,1) BL=(7,2,2,8) BR=(7,9,5,1)
 7 5 │ 6 3 7 5 │ 8 5
 9 1 │ 4 6 4 1 │ 5 1
  ┼────────────────────────┼
 5 1 │ 3 2 6 4 │ 6 4
 6 4 │ 2 3 0 4 │ 3 6
 8 2 │ 6 0 6 8 │ 7 4
 8 8 │ 4 4 8 8 │ 5 1
  ┼────────────────────────┼
 7 2 │ 5 6 8 8 │ 7 9
 2 8 │ 1 4 2 8 │ 5 1

# Square 101  (outer=2478269814, inner=5874940513774)
TL=(7,5,9,2) TR=(1,5,5,1) BL=(9,6,6,2) BR=(7,9,5,2)
 7 5 │ 1 1 2 5 │ 1 5
 9 2 │ 4 6 9 2 │ 5 1
  ┼────────────────────────┼
 7 3 │ 1 0 2 2 │ 1 4
 5 2 │ 0 8 3 2 │ 1 6
 8 2 │ 2 3 7 8 │ 2 9
 4 4 │ 2 2 8 8 │ 5 2
  ┼────────────────────────┼
 9 6 │ 7 5 8 4 │ 7 9
 6 2 │ 3 2 2 4 │ 5 2

# Square 102  (outer=2530074535, inner=6046398587697)
TL=(7,6,1,7) TR=(1,9,9,3) BL=(5,2,2,8) BR=(7,1,6,7)
 7 6 │ 1 4 4 4 │ 1 9
 1 7 │ 1 5 8 1 │ 9 3
  ┼────────────────────────┼
 3 1 │ 0 3 4 1 │ 1 1
 6 8 │ 3 0 6 0 │ 4 5
 9 7 │ 4 6 5 6 │ 4 8
 2 6 │ 1 0 6 6 │ 4 1
  ┼────────────────────────┼
 5 2 │ 3 6 9 2 │ 7 1
 2 8 │ 1 8 7 6 │ 6 7

# Square 103  (outer=2533331303, inner=6059113010938)
TL=(7,6,1,7) TR=(8,8,8,1) BL=(7,3,3,9) BR=(7,1,6,7)
 7 6 │ 6 6 8 8 │ 8 8
 1 7 │ 1 3 7 7 │ 8 1
  ┼────────────────────────┼
 5 2 │ 3 1 7 2 │ 6 1
 1 6 │ 1 0 0 8 │ 6 3
 8 1 │ 7 0 4 7 │ 8 7
 3 3 │ 2 8 7 1 │ 8 7
  ┼────────────────────────┼
 7 3 │ 5 1 8 3 │ 7 1
 3 9 │ 2 6 1 3 │ 6 7

# Square 104  (outer=2538781248, inner=6078873347742)
TL=(7,6,1,9) TR=(2,8,8,4) BL=(8,4,4,9) BR=(7,1,6,9)
 7 6 │ 2 1 2 8 │ 2 8
 1 9 │ 1 5 9 6 │ 8 4
  ┼────────────────────────┼
 5 3 │ 1 1 1 3 │ 2 1
 9 3 │ 1 3 9 5 │ 1 5
 6 8 │ 1 9 7 2 │ 2 9
 4 1 │ 3 5 2 6 │ 8 6
  ┼────────────────────────┼
 8 4 │ 5 9 6 4 │ 7 1
 4 9 │ 3 3 8 1 │ 6 9

# Square 105  (outer=2636548681, inner=6397737142062)
TL=(7,6,3,9) TR=(2,6,6,7) BL=(4,7,7,7) BR=(7,3,6,9)
 7 6 │ 1 9 7 6 │ 2 6
 3 9 │ 2 6 1 3 │ 6 7
  ┼────────────────────────┼
 3 5 │ 0 4 2 0 │ 1 2
 4 3 │ 4 1 2 8 │ 9 6
 3 1 │ 2 2 0 1 │ 7 1
 1 3 │ 0 8 1 9 │ 6 3
  ┼────────────────────────┼
 4 7 │ 3 4 3 1 │ 7 3
 7 7 │ 5 3 1 3 │ 6 9

# Square 106  (outer=2667498098, inner=6500446066303)
TL=(7,6,4,4) TR=(7,2,2,7) BL=(3,1,1,9) BR=(7,4,6,4)
 7 6 │ 5 4 7 2 │ 7 2
 4 4 │ 1 1 8 8 │ 2 7
  ┼────────────────────────┼
 2 1 │ 1 0 7 1 │ 5 1
 2 2 │ 0 9 0 2 │ 4 1
 9 1 │ 7 0 9 8 │ 7 8
 4 6 │ 1 2 8 8 │ 2 8
  ┼────────────────────────┼
 3 1 │ 2 2 9 4 │ 7 4
 1 9 │ 1 2 1 6 │ 6 4

# Square 107  (outer=2681911682, inner=6538987065801)
TL=(7,6,4,7) TR=(3,4,4,8) BL=(2,1,1,7) BR=(7,4,6,7)
 7 6 │ 2 5 8 4 │ 3 4
 4 7 │ 2 2 5 6 │ 4 8
  ┼────────────────────────┼
 1 1 │ 0 2 4 2 │ 2 2
 5 1 │ 2 6 5 2 │ 5 2
 5 3 │ 4 5 0 5 │ 8 5
 4 9 │ 2 2 5 4 │ 4 6
  ┼────────────────────────┼
 2 1 │ 1 5 5 4 │ 7 4
 1 7 │ 1 1 3 9 │ 6 7

# Square 108  (outer=2684605733, inner=6548642545797)
TL=(7,6,4,7) TR=(6,4,4,8) BL=(4,9,9,6) BR=(7,4,6,7)
 7 6 │ 4 8 6 4 │ 6 4
 4 7 │ 2 2 5 6 │ 4 8
  ┼────────────────────────┼
 3 6 │ 1 5 1 2 │ 4 2
 6 4 │ 5 2 4 8 │ 8 2
 2 3 │ 1 4 9 5 │ 6 5
 6 2 │ 2 8 5 2 │ 4 6
  ┼────────────────────────┼
 4 9 │ 3 6 2 6 │ 7 4
 9 6 │ 6 4 3 2 │ 6 7

# Square 109  (outer=2757696069, inner=6728633882228)
TL=(7,6,5,8) TR=(9,4,4,2) BL=(6,9,9,8) BR=(7,5,6,8)
 7 6 │ 7 1 4 4 │ 9 4
 5 8 │ 2 4 3 6 │ 4 2
  ┼────────────────────────┼
 5 6 │ 4 0 3 2 │ 7 2
 1 6 │ 0 2 2 4 │ 1 4
 7 6 │ 3 2 6 8 │ 4 3
 5 4 │ 2 4 8 4 │ 4 6
  ┼────────────────────────┼
 6 9 │ 5 1 7 5 │ 7 5
 9 8 │ 6 6 6 4 │ 6 8

# Square 110  (outer=2765427874, inner=6747734058702)
TL=(7,6,5,9) TR=(9,2,2,5) BL=(9,1,1,9) BR=(7,5,6,9)
 7 6 │ 6 9 9 2 │ 9 2
 5 9 │ 1 4 7 5 │ 2 5
  ┼────────────────────────┼
 6 1 │ 3 7 2 1 │ 6 1
 8 3 │ 7 8 0 2 │ 9 4
 2 1 │ 2 0 3 7 │ 9 7
 5 1 │ 1 2 7 5 │ 2 5
  ┼────────────────────────┼
 9 1 │ 6 8 2 5 │ 7 5
 1 9 │ 1 3 1 1 │ 6 9

# Square 111  (outer=2773381124, inner=6773548684372)
TL=(7,6,6,1) TR=(9,6,4,9) BL=(9,4,6,9) BR=(8,1,1,7)
 7 6 │ 7 2 9 6 │ 9 6
 6 1 │ 2 9 8 9 │ 4 9
  ┼────────────────────────┼
 7 2 │ 5 1 1 2 │ 7 1
 2 9 │ 1 7 6 9 │ 6 1
 9 8 │ 1 6 6 6 │ 1 7
 6 9 │ 2 9 6 7 │ 4 3
  ┼────────────────────────┼
 9 4 │ 7 6 1 4 │ 8 1
 6 9 │ 1 1 7 3 │ 1 7

# Square 112  (outer=2777337508, inner=6785543255308)
TL=(7,6,6,2) TR=(6,2,1,8) BL=(6,1,2,8) BR=(5,9,9,1)
 7 6 │ 4 7 1 2 │ 6 2
 6 2 │ 1 1 1 6 │ 1 8
  ┼────────────────────────┼
 4 1 │ 1 3 1 2 │ 3 2
 7 1 │ 3 9 0 5 │ 5 5
 1 1 │ 1 0 3 4 │ 9 4
 2 6 │ 2 5 4 8 │ 9 8
  ┼────────────────────────┼
 6 1 │ 3 5 9 9 │ 5 9
 2 8 │ 2 5 4 8 │ 9 1

# Square 113  (outer=2784773360, inner=6809263530133)
TL=(7,6,6,3) TR=(6,2,1,9) BL=(6,1,2,9) BR=(5,9,9,1)
 7 6 │ 4 7 1 2 │ 6 2
 6 3 │ 1 1 9 7 │ 1 9
  ┼────────────────────────┼
 4 1 │ 1 3 1 2 │ 3 2
 7 1 │ 3 9 7 6 │ 5 6
 1 9 │ 1 7 6 7 │ 9 3
 2 7 │ 2 6 7 3 │ 9 9
  ┼────────────────────────┼
 6 1 │ 3 5 9 9 │ 5 9
 2 9 │ 2 6 3 9 │ 9 1

# Square 114  (outer=2796267452, inner=6845489805859)
TL=(7,6,6,5) TR=(2,1,5,9) BL=(2,5,1,9) BR=(9,9,9,4)
 7 6 │ 1 5 9 6 │ 2 1
 6 5 │ 3 8 3 5 │ 5 9
  ┼────────────────────────┼
 1 3 │ 0 2 7 3 │ 2 1
 5 8 │ 2 7 2 6 │ 4 7
 9 3 │ 7 2 5 4 │ 7 8
 6 5 │ 3 6 4 0 │ 5 6
  ┼────────────────────────┼
 2 5 │ 2 4 7 5 │ 9 9
 1 9 │ 1 7 8 6 │ 9 4

# Square 115  (outer=2799340766, inner=6851270710872)
TL=(7,6,6,5) TR=(8,6,4,1) BL=(8,4,6,1) BR=(6,4,4,9)
 7 6 │ 6 5 3 6 │ 8 6
 6 5 │ 2 6 6 5 │ 4 1
  ┼────────────────────────┼
 6 2 │ 3 2 2 4 │ 5 2
 5 6 │ 2 1 8 4 │ 3 9
 3 6 │ 2 8 0 8 │ 7 8
 6 5 │ 4 4 8 5 │ 6 9
  ┼────────────────────────┼
 8 4 │ 5 3 7 6 │ 6 4
 6 1 │ 2 9 8 9 │ 4 9

# Square 116  (outer=2800569979, inner=6853835072603)
TL=(7,6,6,6) TR=(2,1,5,6) BL=(2,5,1,6) BR=(9,9,9,2)
 7 6 │ 1 5 9 6 │ 2 1
 6 6 │ 3 6 9 6 │ 5 6
  ┼────────────────────────┼
 1 3 │ 0 2 7 3 │ 2 1
 5 6 │ 2 4 6 4 │ 4 4
 9 9 │ 7 6 2 3 │ 7 7
 6 6 │ 3 4 3 2 │ 5 2
  ┼────────────────────────┼
 2 5 │ 2 4 7 5 │ 9 9
 1 6 │ 1 4 7 2 │ 9 2

# Square 117  (outer=2808442211, inner=6877924245559)
TL=(7,6,6,7) TR=(3,4,1,9) BL=(3,1,4,9) BR=(4,8,8,1)
 7 6 │ 2 5 8 4 │ 3 4
 6 7 │ 1 2 7 3 │ 1 9
  ┼────────────────────────┼
 2 1 │ 0 2 7 3 │ 1 3
 5 2 │ 2 5 4 8 │ 4 9
 8 7 │ 7 4 8 2 │ 8 6
 4 3 │ 3 8 2 7 │ 8 9
  ┼────────────────────────┼
 3 1 │ 1 4 8 8 │ 4 8
 4 9 │ 3 9 6 9 │ 8 1

# Square 118  (outer=2809248220, inner=6880864568743)
TL=(7,6,6,7) TR=(4,1,1,7) BL=(8,8,8,3) BR=(7,6,6,7)
 7 6 │ 3 1 1 6 │ 4 1
 6 7 │ 1 1 3 9 │ 1 7
  ┼────────────────────────┼
 6 5 │ 2 0 1 5 │ 3 1
 6 5 │ 0 7 1 5 │ 1 1
 8 6 │ 1 1 1 8 │ 1 3
 8 1 │ 5 5 8 9 │ 6 9
  ┼────────────────────────┼
 8 8 │ 6 6 8 8 │ 7 6
 8 3 │ 5 5 6 1 │ 6 7

# Square 119  (outer=2810641409, inner=6885946920822)
TL=(7,6,6,7) TR=(5,6,1,7) BL=(5,1,6,7) BR=(4,8,8,3)
 7 6 │ 4 2 5 6 │ 5 6
 6 7 │ 1 1 3 9 │ 1 7
  ┼────────────────────────┼
 4 1 │ 1 0 2 5 │ 2 5
 2 1 │ 0 9 4 5 │ 4 5
 5 3 │ 2 4 3 8 │ 4 6
 6 9 │ 5 5 8 9 │ 8 1
  ┼────────────────────────┼
 5 1 │ 2 4 4 8 │ 4 8
 6 7 │ 5 5 6 1 │ 8 3

# Square 120  (outer=2814280391, inner=6899221926518)
TL=(7,6,6,7) TR=(8,8,8,3) BL=(4,1,1,7) BR=(7,6,6,7)
 7 6 │ 6 6 8 8 │ 8 8
 6 7 │ 5 5 6 1 │ 8 3
  ┼────────────────────────┼
 3 1 │ 2 0 1 5 │ 6 5
 1 1 │ 0 7 1 5 │ 6 5
 1 3 │ 1 1 1 8 │ 8 6
 6 9 │ 5 5 8 9 │ 8 1
  ┼────────────────────────┼
 4 1 │ 3 1 1 6 │ 7 6
 1 7 │ 1 1 3 9 │ 6 7

# Square 121  (outer=2814611585, inner=6900430124407)
TL=(7,6,6,7) TR=(9,2,1,9) BL=(9,1,2,9) BR=(7,5,5,6)
 7 6 │ 6 9 9 2 │ 9 2
 6 7 │ 1 2 7 3 │ 1 9
  ┼────────────────────────┼
 6 1 │ 3 7 2 1 │ 6 1
 9 2 │ 7 9 1 2 │ 8 6
 9 7 │ 2 1 3 4 │ 2 2
 2 3 │ 1 2 4 2 │ 5 4
  ┼────────────────────────┼
 9 1 │ 6 8 2 5 │ 7 5
 2 9 │ 1 6 2 4 │ 5 6

# Square 122  (outer=2816056374, inner=6905594369489)
TL=(7,6,6,8) TR=(2,2,2,7) BL=(3,1,1,8) BR=(7,6,6,8)
 7 6 │ 1 6 7 2 │ 2 2
 6 8 │ 1 8 3 6 │ 2 7
  ┼────────────────────────┼
 2 1 │ 0 2 3 1 │ 1 1
 3 2 │ 2 1 7 6 │ 6 8
 5 2 │ 3 7 9 6 │ 7 3
 6 4 │ 1 6 6 4 │ 2 6
  ┼────────────────────────┼
 3 1 │ 2 3 5 6 │ 7 6
 1 8 │ 1 2 2 4 │ 6 8

# Square 123  (outer=2816360542, inner=6906599948782)
TL=(7,6,6,8) TR=(2,6,1,9) BL=(2,1,6,9) BR=(5,5,5,5)
 7 6 │ 1 9 7 6 │ 2 6
 6 8 │ 1 2 9 2 │ 1 9
  ┼────────────────────────┼
 1 1 │ 0 1 4 3 │ 1 3
 9 2 │ 1 5 6 4 │ 1 7
 7 9 │ 4 6 6 1 │ 5 9
 6 2 │ 3 4 1 0 │ 5 5
  ┼────────────────────────┼
 2 1 │ 1 1 5 5 │ 5 5
 6 9 │ 3 7 9 5 │ 5 5

# Square 124  (outer=2816622415, inner=6907465700752)
TL=(7,6,6,8) TR=(3,1,1,8) BL=(2,2,2,7) BR=(7,6,6,8)
 7 6 │ 2 3 5 6 │ 3 1
 6 8 │ 1 2 2 4 │ 1 8
  ┼────────────────────────┼
 1 1 │ 0 2 3 1 │ 2 1
 6 8 │ 2 1 7 6 │ 3 2
 7 3 │ 3 7 9 6 │ 5 2
 2 6 │ 1 6 6 4 │ 6 4
  ┼────────────────────────┼
 2 2 │ 1 6 7 2 │ 7 6
 2 7 │ 1 8 3 6 │ 6 8

# Square 125  (outer=2827891680, inner=6946132611493)
TL=(7,6,6,9) TR=(6,3,4,7) BL=(6,4,3,7) BR=(2,7,7,9)
 7 6 │ 4 7 8 8 │ 6 3
 6 9 │ 3 2 4 3 │ 4 7
  ┼────────────────────────┼
 4 3 │ 0 5 1 6 │ 1 2
 7 2 │ 5 6 8 8 │ 7 9
 8 4 │ 1 8 4 8 │ 2 2
 8 3 │ 6 8 8 9 │ 8 3
  ┼────────────────────────┼
 6 4 │ 1 7 2 8 │ 2 7
 3 7 │ 2 9 2 3 │ 7 9

# Square 126  (outer=2841340918, inner=6996364316040)
TL=(7,6,7,2) TR=(3,6,6,9) BL=(8,7,7,3) BR=(7,7,6,2)
 7 6 │ 2 7 3 6 │ 3 6
 7 2 │ 4 9 6 8 │ 6 9
  ┼────────────────────────┼
 6 4 │ 1 5 3 6 │ 2 4
 6 5 │ 5 1 3 5 │ 7 9
 9 2 │ 3 3 1 2 │ 3 6
 9 6 │ 6 5 2 8 │ 6 8
  ┼────────────────────────┼
 8 7 │ 6 6 9 9 │ 7 7
 7 3 │ 4 5 2 6 │ 6 2

# Square 127  (outer=2848993009, inner=7022878505226)
TL=(7,6,7,3) TR=(3,6,6,2) BL=(8,7,7,7) BR=(7,7,6,3)
 7 6 │ 2 7 3 6 │ 3 6
 7 3 │ 4 5 2 6 │ 6 2
  ┼────────────────────────┼
 6 4 │ 1 5 3 6 │ 2 4
 6 8 │ 5 1 0 0 │ 7 5
 9 5 │ 3 0 4 0 │ 3 2
 9 1 │ 6 0 0 6 │ 6 6
  ┼────────────────────────┼
 8 7 │ 6 6 9 9 │ 7 7
 7 7 │ 4 8 5 1 │ 6 3

# Square 128  (outer=2858048835, inner=7057174904446)
TL=(7,6,7,4) TR=(4,6,6,4) BL=(4,1,1,8) BR=(7,7,6,4)
 7 6 │ 3 4 9 6 │ 4 6
 7 4 │ 4 7 3 6 │ 6 4
  ┼────────────────────────┼
 3 1 │ 1 0 5 4 │ 3 4
 1 1 │ 0 5 1 7 │ 4 7
 5 5 │ 5 1 1 5 │ 9 3
 7 2 │ 4 7 5 2 │ 6 6
  ┼────────────────────────┼
 4 1 │ 3 1 5 7 │ 7 7
 1 8 │ 1 1 5 2 │ 6 4

# Square 129  (outer=2886021705, inner=7152822423892)
TL=(7,6,7,8) TR=(3,6,6,2) BL=(8,7,7,1) BR=(7,7,6,8)
 7 6 │ 2 7 3 6 │ 3 6
 7 8 │ 4 8 3 6 │ 6 2
  ┼────────────────────────┼
 6 4 │ 1 5 3 6 │ 2 4
 6 8 │ 5 3 0 4 │ 7 8
 9 2 │ 3 0 3 6 │ 3 3
 9 8 │ 6 4 6 8 │ 6 6
  ┼────────────────────────┼
 8 7 │ 6 6 9 9 │ 7 7
 7 1 │ 4 8 2 8 │ 6 8

# Square 130  (outer=2894531650, inner=7185706633845)
TL=(7,6,7,9) TR=(4,3,3,7) BL=(4,4,4,7) BR=(7,7,6,9)
 7 6 │ 3 2 6 8 │ 4 3
 7 9 │ 2 9 2 3 │ 3 7
  ┼────────────────────────┼
 3 3 │ 1 0 5 6 │ 3 2
 3 2 │ 0 9 2 8 │ 2 9
 8 4 │ 5 2 0 8 │ 6 2
 8 3 │ 6 8 8 9 │ 8 3
  ┼────────────────────────┼
 4 4 │ 3 3 8 8 │ 7 7
 4 7 │ 3 2 4 3 │ 6 9

# Square 131  (outer=2955798110, inner=7380650772244)
TL=(7,6,8,8) TR=(4,6,6,3) BL=(4,1,1,7) BR=(7,8,6,8)
 7 6 │ 3 4 9 6 │ 4 6
 8 8 │ 5 5 4 4 │ 6 3
  ┼────────────────────────┼
 3 1 │ 1 0 8 5 │ 3 5
 1 1 │ 0 4 9 5 │ 4 5
 9 5 │ 8 9 3 0 │ 9 4
 8 6 │ 5 5 0 4 │ 6 4
  ┼────────────────────────┼
 4 1 │ 3 1 9 8 │ 7 8
 1 7 │ 1 1 5 6 │ 6 8

# Square 132  (outer=2969579277, inner=7428140862601)
TL=(7,6,8,9) TR=(9,8,8,8) BL=(1,9,9,5) BR=(7,8,6,9)
 7 6 │ 7 4 4 8 │ 9 8
 8 9 │ 7 8 3 2 │ 8 8
  ┼────────────────────────┼
 1 6 │ 1 2 3 2 │ 7 7
 4 5 │ 2 1 6 0 │ 4 8
 8 5 │ 3 6 5 5 │ 4 3
 2 5 │ 2 0 5 0 │ 8 2
  ┼────────────────────────┼
 1 9 │ 1 4 8 2 │ 7 8
 9 5 │ 6 5 5 5 │ 6 9

# Square 133  (outer=2985812814, inner=7485128576660)
TL=(7,6,9,3) TR=(1,7,7,4) BL=(7,9,9,4) BR=(7,9,6,3)
 7 6 │ 1 2 9 2 │ 1 7
 9 3 │ 6 8 8 2 │ 7 4
  ┼────────────────────────┼
 6 5 │ 1 0 4 0 │ 1 6
 2 9 │ 0 8 1 2 │ 2 8
 4 2 │ 4 1 1 6 │ 9 8
 1 2 │ 0 2 6 4 │ 2 2
  ┼────────────────────────┼
 7 9 │ 6 2 4 1 │ 7 9
 9 4 │ 5 9 2 2 │ 6 3

# Square 134  (outer=3033558948, inner=7652538297792)
TL=(7,6,9,9) TR=(6,1,1,7) BL=(2,4,4,9) BR=(7,9,6,9)
 7 6 │ 4 6 3 6 │ 6 1
 9 9 │ 1 6 8 3 │ 1 7
  ┼────────────────────────┼
 1 3 │ 0 5 3 3 │ 4 1
 8 3 │ 5 4 7 8 │ 6 6
 9 8 │ 3 7 2 4 │ 3 8
 6 1 │ 3 8 4 3 │ 6 3
  ┼────────────────────────┼
 2 4 │ 1 8 9 6 │ 7 9
 4 9 │ 3 3 8 1 │ 6 9

# Square 135  (outer=3129834126, inner=7977637951319)
TL=(7,7,3,2) TR=(7,5,5,3) BL=(8,6,6,8) BR=(7,3,7,2)
 7 7 │ 5 7 7 5 │ 7 5
 3 2 │ 1 6 9 6 │ 5 3
  ┼────────────────────────┼
 6 4 │ 3 2 6 4 │ 5 1
 2 8 │ 2 1 2 8 │ 7 6
 7 9 │ 6 2 4 1 │ 7 9
 8 6 │ 4 8 1 6 │ 5 6
  ┼────────────────────────┼
 8 6 │ 6 2 7 8 │ 7 3
 6 8 │ 4 8 9 6 │ 7 2

# Square 136  (outer=3132238400, inner=7985708888216)
TL=(7,7,3,3) TR=(1,5,5,4) BL=(2,6,6,4) BR=(7,3,7,3)
 7 7 │ 1 1 5 5 │ 1 5
 3 3 │ 1 7 8 2 │ 5 4
  ┼────────────────────────┼
 1 4 │ 0 1 5 4 │ 1 1
 8 6 │ 1 4 6 2 │ 1 7
 9 7 │ 5 6 2 6 │ 5 8
 8 2 │ 4 2 6 4 │ 5 2
  ┼────────────────────────┼
 2 6 │ 1 8 9 8 │ 7 3
 6 4 │ 4 6 7 2 │ 7 3

# Square 137  (outer=3136728989, inner=8002418372447)
TL=(7,7,3,3) TR=(7,5,5,4) BL=(8,6,6,4) BR=(7,3,7,3)
 7 7 │ 5 7 7 5 │ 7 5
 3 3 │ 1 7 8 2 │ 5 4
  ┼────────────────────────┼
 6 4 │ 3 2 6 4 │ 5 1
 2 6 │ 2 0 0 2 │ 7 7
 7 7 │ 6 0 0 6 │ 7 8
 8 2 │ 4 2 6 4 │ 5 2
  ┼────────────────────────┼
 8 6 │ 6 2 7 8 │ 7 3
 6 4 │ 4 6 7 2 │ 7 3

# Square 138  (outer=3204748154, inner=8236840884001)
TL=(7,7,4,3) TR=(7,4,4,4) BL=(8,6,6,3) BR=(7,4,7,3)
 7 7 │ 5 6 9 8 │ 7 4
 4 3 │ 1 8 9 2 │ 4 4
  ┼────────────────────────┼
 6 4 │ 3 2 6 4 │ 5 1
 3 5 │ 2 3 8 0 │ 6 8
 6 9 │ 6 8 3 1 │ 9 9
 4 9 │ 4 0 1 8 │ 8 2
  ┼────────────────────────┼
 8 6 │ 6 3 6 4 │ 7 4
 6 3 │ 4 5 9 9 │ 7 3

# Square 139  (outer=3240234840, inner=8349250794333)
TL=(7,7,4,8) TR=(5,6,6,1) BL=(5,2,2,1) BR=(7,4,7,8)
 7 7 │ 4 3 1 2 │ 5 6
 4 8 │ 2 9 2 8 │ 6 1
  ┼────────────────────────┼
 3 1 │ 1 3 0 2 │ 4 2
 8 6 │ 3 3 5 4 │ 3 9
 4 3 │ 0 5 1 6 │ 1 2
 8 8 │ 2 4 6 4 │ 2 8
  ┼────────────────────────┼
 5 2 │ 3 8 4 8 │ 7 4
 2 1 │ 1 6 3 8 │ 7 8

# Square 140  (outer=3345513652, inner=8619160326251)
TL=(7,7,6,2) TR=(8,7,7,3) BL=(3,6,6,9) BR=(7,6,7,2)
 7 7 │ 6 6 9 9 │ 8 7
 6 2 │ 4 5 2 6 │ 7 3
  ┼────────────────────────┼
 2 4 │ 1 5 3 6 │ 6 4
 7 9 │ 5 1 3 5 │ 6 5
 3 6 │ 3 3 1 2 │ 9 2
 6 8 │ 6 5 2 8 │ 9 6
  ┼────────────────────────┼
 3 6 │ 2 7 3 6 │ 7 6
 6 9 │ 4 9 6 8 │ 7 2

# Square 141  (outer=3354650811, inner=8650399944858)
TL=(7,7,6,3) TR=(8,7,7,7) BL=(3,6,6,2) BR=(7,6,7,3)
 7 7 │ 6 6 9 9 │ 8 7
 6 3 │ 4 8 5 1 │ 7 7
  ┼────────────────────────┼
 2 4 │ 1 5 3 6 │ 6 4
 7 5 │ 5 1 0 0 │ 6 8
 3 2 │ 3 0 4 0 │ 9 5
 6 6 │ 6 0 0 6 │ 9 1
  ┼────────────────────────┼
 3 6 │ 2 7 3 6 │ 7 6
 6 2 │ 4 5 2 6 │ 7 3

# Square 142  (outer=3358218593, inner=8662282402476)
TL=(7,7,6,4) TR=(4,1,1,8) BL=(4,6,6,4) BR=(7,6,7,4)
 7 7 │ 3 1 5 7 │ 4 1
 6 4 │ 1 1 5 2 │ 1 8
  ┼────────────────────────┼
 3 4 │ 1 0 5 4 │ 3 1
 4 7 │ 0 5 1 7 │ 1 1
 9 3 │ 5 1 1 5 │ 5 5
 6 6 │ 4 7 5 2 │ 7 2
  ┼────────────────────────┼
 4 6 │ 3 4 9 6 │ 7 6
 6 4 │ 4 7 3 6 │ 7 4

# Square 143  (outer=3395796970, inner=8782960098230)
TL=(7,7,6,8) TR=(8,7,7,1) BL=(3,6,6,2) BR=(7,6,7,8)
 7 7 │ 6 6 9 9 │ 8 7
 6 8 │ 4 8 2 8 │ 7 1
  ┼────────────────────────┼
 2 4 │ 1 5 3 6 │ 6 4
 7 8 │ 5 3 0 4 │ 6 8
 3 3 │ 3 0 3 6 │ 9 2
 6 6 │ 6 4 6 8 │ 9 8
  ┼────────────────────────┼
 3 6 │ 2 7 3 6 │ 7 6
 6 2 │ 4 8 3 6 │ 7 8

# Square 144  (outer=3400117485, inner=8797762961180)
TL=(7,7,6,9) TR=(4,4,4,7) BL=(4,3,3,7) BR=(7,6,7,9)
 7 7 │ 3 3 8 8 │ 4 4
 6 9 │ 3 2 4 3 │ 4 7
  ┼────────────────────────┼
 3 2 │ 1 0 5 6 │ 3 3
 2 9 │ 0 9 2 8 │ 3 2
 6 2 │ 5 2 0 8 │ 8 4
 8 3 │ 6 8 8 9 │ 8 3
  ┼────────────────────────┼
 4 3 │ 3 2 6 8 │ 7 6
 3 7 │ 2 9 2 3 │ 7 9

# DONE: found=144  outer=3407551472  inner=8824458410873  time=153191s
