# Searching TL indices [4914, 5460)
# Square 1  (outer=1388342, inner=5504772971)
TL=(7,7,7,1) TR=(3,4,8,7) BL=(3,8,4,7) BR=(4,4,4,5)
 7 7 │ 2 6 1 8 │ 3 4
 7 1 │ 6 1 7 7 │ 8 7
  ┼────────────────────────┼
 2 6 │ 0 3 1 2 │ 1 2
 6 1 │ 3 7 2 1 │ 6 1
 1 7 │ 1 2 0 7 │ 7 1
 8 7 │ 2 1 7 5 │ 2 5
  ┼────────────────────────┼
 3 8 │ 1 6 7 2 │ 4 4
 4 7 │ 2 1 1 5 │ 4 5

# Square 2  (outer=16258566, inner=61800813092)
TL=(7,7,7,2) TR=(8,5,1,7) BL=(8,1,5,7) BR=(9,8,8,7)
 7 7 │ 6 5 4 5 │ 8 5
 7 2 │ 1 2 2 4 │ 1 7
  ┼────────────────────────┼
 6 1 │ 4 5 1 4 │ 7 4
 5 2 │ 5 1 4 8 │ 9 9
 4 2 │ 1 4 7 0 │ 3 5
 5 4 │ 4 8 0 6 │ 8 9
  ┼────────────────────────┼
 8 1 │ 7 9 3 8 │ 9 8
 5 7 │ 4 9 5 9 │ 8 7

# Square 3  (outer=28127741, inner=107968880584)
TL=(7,7,7,4) TR=(1,8,7,1) BL=(1,7,8,1) BR=(8,1,1,9)
 7 7 │ 1 3 8 6 │ 1 8
 7 4 │ 5 2 5 4 │ 7 1
  ┼────────────────────────┼
 1 5 │ 0 1 6 5 │ 1 1
 3 2 │ 1 1 2 0 │ 3 5
 8 5 │ 6 2 0 5 │ 7 3
 6 4 │ 5 0 5 6 │ 7 9
  ┼────────────────────────┼
 1 7 │ 1 3 7 7 │ 8 1
 8 1 │ 1 5 3 9 │ 1 9

# Square 4  (outer=28200878, inner=108235099326)
TL=(7,7,7,4) TR=(1,9,7,9) BL=(1,7,9,9) BR=(8,6,6,7)
 7 7 │ 1 4 6 3 │ 1 9
 7 4 │ 5 8 4 6 │ 7 9
  ┼────────────────────────┼
 1 5 │ 0 2 4 0 │ 1 6
 4 8 │ 2 2 0 8 │ 4 6
 6 4 │ 4 0 3 2 │ 6 3
 3 6 │ 0 8 2 8 │ 2 3
  ┼────────────────────────┼
 1 7 │ 1 4 6 2 │ 8 6
 9 9 │ 6 6 3 3 │ 6 7

# Square 5  (outer=35374215, inner=134346048926)
TL=(7,7,7,4) TR=(8,7,9,1) BL=(8,9,7,1) BR=(6,6,6,5)
 7 7 │ 6 6 9 9 │ 8 7
 7 4 │ 6 7 3 4 │ 9 1
  ┼────────────────────────┼
 6 6 │ 3 5 6 4 │ 5 4
 6 7 │ 5 7 6 2 │ 8 6
 9 3 │ 6 6 0 3 │ 7 1
 9 4 │ 4 2 3 0 │ 4 5
  ┼────────────────────────┼
 8 9 │ 5 8 7 4 │ 6 6
 7 1 │ 4 6 1 5 │ 6 5

# Square 6  (outer=41827353, inner=152524844676)
TL=(7,7,7,5) TR=(8,6,9,1) BL=(8,9,6,1) BR=(3,9,9,6)
 7 7 │ 6 6 2 2 │ 8 6
 7 5 │ 6 8 2 5 │ 9 1
  ┼────────────────────────┼
 6 6 │ 2 3 1 0 │ 3 5
 6 8 │ 3 2 6 4 │ 4 8
 2 2 │ 1 6 5 0 │ 7 5
 2 5 │ 0 4 0 0 │ 1 6
  ┼────────────────────────┼
 8 9 │ 3 4 7 1 │ 3 9
 6 1 │ 5 8 5 6 │ 9 6

# Square 7  (outer=44452084, inner=160811345189)
TL=(7,7,7,6) TR=(3,5,1,9) BL=(3,1,5,9) BR=(4,4,4,1)
 7 7 │ 2 6 9 5 │ 3 5
 7 6 │ 1 4 4 4 │ 1 9
  ┼────────────────────────┼
 2 1 │ 0 2 5 2 │ 1 2
 6 4 │ 2 1 7 6 │ 3 4
 9 4 │ 5 7 3 4 │ 6 1
 5 4 │ 2 6 4 6 │ 4 9
  ┼────────────────────────┼
 3 1 │ 1 3 6 4 │ 4 4
 5 9 │ 2 4 1 9 │ 4 1

# Square 8  (outer=53279951, inner=193999872503)
TL=(7,7,7,7) TR=(2,9,2,4) BL=(2,2,9,4) BR=(8,1,1,7)
 7 7 │ 2 2 3 3 │ 2 9
 7 7 │ 1 8 4 8 │ 2 4
  ┼────────────────────────┼
 2 1 │ 0 2 3 1 │ 1 1
 2 8 │ 2 1 0 0 │ 7 5
 3 4 │ 3 0 2 6 │ 8 9
 3 8 │ 1 0 6 4 │ 2 8
  ┼────────────────────────┼
 2 2 │ 1 7 8 2 │ 8 1
 9 4 │ 1 5 9 8 │ 1 7

# Square 9  (outer=63882110, inner=237904163893)
TL=(7,7,7,8) TR=(3,6,2,4) BL=(3,2,6,4) BR=(4,2,2,4)
 7 7 │ 2 7 7 2 │ 3 6
 7 8 │ 1 8 7 2 │ 2 4
  ┼────────────────────────┼
 2 1 │ 0 2 3 1 │ 1 1
 7 8 │ 2 7 3 0 │ 3 5
 7 7 │ 3 3 1 1 │ 4 3
 2 2 │ 1 0 1 2 │ 4 6
  ┼────────────────────────┼
 3 2 │ 1 3 4 4 │ 4 2
 6 4 │ 1 5 3 6 │ 2 4

# Square 10  (outer=82343663, inner=309242350240)
TL=(7,7,8,1) TR=(3,3,3,3) BL=(8,7,7,5) BR=(7,8,7,1)
 7 7 │ 2 5 4 1 │ 3 3
 8 1 │ 2 6 7 3 │ 3 3
  ┼────────────────────────┼
 6 5 │ 1 4 3 0 │ 2 2
 7 3 │ 4 0 8 8 │ 5 6
 8 2 │ 3 8 5 4 │ 4 7
 6 5 │ 0 8 4 5 │ 1 3
  ┼────────────────────────┼
 8 7 │ 6 7 8 6 │ 7 8
 7 5 │ 5 3 2 5 │ 7 1

# Square 11  (outer=112012100, inner=406860057457)
TL=(7,7,8,4) TR=(4,5,5,4) BL=(4,1,1,8) BR=(7,8,7,4)
 7 7 │ 3 4 6 5 │ 4 5
 8 4 │ 4 5 3 6 │ 5 4
  ┼────────────────────────┼
 3 1 │ 1 0 5 4 │ 3 4
 1 3 │ 0 5 8 5 │ 4 5
 9 3 │ 5 8 5 9 │ 6 3
 8 2 │ 4 5 9 2 │ 5 6
  ┼────────────────────────┼
 4 1 │ 3 1 9 8 │ 7 8
 1 8 │ 1 3 3 2 │ 7 4

# Square 12  (outer=166508373, inner=584514193949)
TL=(7,7,9,1) TR=(5,1,1,5) BL=(3,5,5,1) BR=(7,9,7,1)
 7 7 │ 3 9 2 7 │ 5 1
 9 1 │ 1 3 6 5 │ 1 5
  ┼────────────────────────┼
 2 3 │ 0 7 1 3 │ 3 1
 7 6 │ 7 0 6 8 │ 9 3
 6 2 │ 1 6 1 2 │ 2 6
 5 1 │ 3 8 2 5 │ 7 5
  ┼────────────────────────┼
 3 5 │ 2 7 6 5 │ 7 9
 5 1 │ 3 6 2 1 │ 7 1

# Square 13  (outer=234801549, inner=830547301540)
TL=(7,7,9,9) TR=(2,5,5,4) BL=(3,1,1,5) BR=(7,9,7,9)
 7 7 │ 1 9 2 5 │ 2 5
 9 9 │ 5 3 4 6 │ 5 4
  ┼────────────────────────┼
 2 1 │ 0 3 1 5 │ 1 5
 4 1 │ 3 8 1 3 │ 9 3
 4 8 │ 1 1 5 2 │ 2 4
 9 5 │ 5 3 2 0 │ 5 6
  ┼────────────────────────┼
 3 1 │ 2 4 4 9 │ 7 9
 1 5 │ 1 1 8 5 │ 7 9

# Square 14  (outer=254880856, inner=903517077798)
TL=(7,8,1,7) TR=(4,6,6,9) BL=(4,4,4,2) BR=(7,1,8,7)
 7 8 │ 3 5 8 8 │ 4 6
 1 7 │ 1 1 7 3 │ 6 9
  ┼────────────────────────┼
 3 3 │ 1 0 2 3 │ 3 1
 1 6 │ 0 8 1 6 │ 5 1
 2 5 │ 2 1 7 5 │ 8 7
 4 4 │ 3 6 5 2 │ 8 3
  ┼────────────────────────┼
 4 4 │ 3 1 2 4 │ 7 1
 4 2 │ 3 6 5 4 │ 8 7

# Square 15  (outer=291660593, inner=1025371197300)
TL=(7,8,2,6) TR=(6,7,7,1) BL=(9,1,1,3) BR=(7,2,8,6)
 7 8 │ 5 2 2 6 │ 6 7
 2 6 │ 1 8 4 6 │ 7 1
  ┼────────────────────────┼
 6 1 │ 3 1 1 1 │ 5 1
 5 1 │ 1 4 2 8 │ 2 8
 5 1 │ 1 2 2 4 │ 2 4
 2 8 │ 1 8 4 8 │ 6 6
  ┼────────────────────────┼
 9 1 │ 6 5 5 2 │ 7 2
 1 3 │ 1 1 1 8 │ 8 6

# Square 16  (outer=319818379, inner=1124144411417)
TL=(7,8,3,2) TR=(5,7,7,6) BL=(5,2,2,9) BR=(7,3,8,2)
 7 8 │ 4 4 4 6 │ 5 7
 3 2 │ 2 4 3 2 │ 7 6
  ┼────────────────────────┼
 3 2 │ 1 3 4 4 │ 4 2
 7 3 │ 3 2 1 2 │ 4 4
 9 7 │ 4 1 7 1 │ 4 3
 6 8 │ 4 2 1 6 │ 6 2
  ┼────────────────────────┼
 5 2 │ 3 7 9 6 │ 7 3
 2 9 │ 2 3 7 8 │ 8 2

# Square 17  (outer=365738896, inner=1286802691969)
TL=(7,8,3,9) TR=(9,6,6,9) BL=(2,9,9,3) BR=(7,3,8,9)
 7 8 │ 7 4 8 8 │ 9 6
 3 9 │ 2 6 9 1 │ 6 9
  ┼────────────────────────┼
 2 8 │ 2 0 1 6 │ 7 2
 1 2 │ 0 5 5 2 │ 4 6
 1 7 │ 1 5 1 3 │ 8 9
 7 7 │ 6 2 3 7 │ 8 1
  ┼────────────────────────┼
 2 9 │ 2 1 1 7 │ 7 3
 9 3 │ 8 2 7 7 │ 8 9

# Square 18  (outer=409620061, inner=1429243693989)
TL=(7,8,4,7) TR=(8,4,4,5) BL=(4,7,7,1) BR=(7,4,8,7)
 7 8 │ 6 5 5 2 │ 8 4
 4 7 │ 2 1 1 5 │ 4 5
  ┼────────────────────────┼
 3 6 │ 2 2 3 2 │ 6 2
 4 1 │ 2 0 9 1 │ 5 1
 7 7 │ 3 9 2 7 │ 5 1
 8 7 │ 2 1 7 5 │ 2 5
  ┼────────────────────────┼
 4 7 │ 3 4 7 8 │ 7 4
 7 1 │ 6 1 7 7 │ 8 7

# Square 19  (outer=421210141, inner=1468605062433)
TL=(7,8,4,9) TR=(5,7,7,3) BL=(5,1,1,4) BR=(7,4,8,9)
 7 8 │ 4 4 4 6 │ 5 7
 4 9 │ 3 5 7 7 │ 7 3
  ┼────────────────────────┼
 3 1 │ 1 3 3 3 │ 4 3
 7 2 │ 3 2 4 0 │ 4 5
 7 4 │ 3 4 7 8 │ 4 7
 4 6 │ 3 0 8 2 │ 6 7
  ┼────────────────────────┼
 5 1 │ 3 7 7 4 │ 7 4
 1 4 │ 1 2 4 6 │ 8 9

# Square 20  (outer=540262971, inner=1798956190994)
TL=(7,8,6,8) TR=(4,1,1,7) BL=(4,6,6,3) BR=(7,6,8,8)
 7 8 │ 3 1 9 8 │ 4 1
 6 8 │ 1 1 5 6 │ 1 7
  ┼────────────────────────┼
 3 5 │ 1 0 8 5 │ 3 1
 4 5 │ 0 4 9 5 │ 1 1
 9 4 │ 8 9 3 0 │ 9 5
 6 4 │ 5 5 0 4 │ 8 6
  ┼────────────────────────┼
 4 6 │ 3 4 9 6 │ 7 6
 6 3 │ 5 5 4 4 │ 8 8

# Square 21  (outer=546907009, inner=1820987950851)
TL=(7,8,6,9) TR=(1,9,9,5) BL=(9,8,8,8) BR=(7,6,8,9)
 7 8 │ 1 4 8 2 │ 1 9
 6 9 │ 6 5 5 5 │ 9 5
  ┼────────────────────────┼
 7 7 │ 1 2 3 2 │ 1 6
 4 8 │ 2 1 6 0 │ 4 5
 4 3 │ 3 6 5 5 │ 8 5
 8 2 │ 2 0 5 0 │ 2 5
  ┼────────────────────────┼
 9 8 │ 7 4 4 8 │ 7 6
 8 8 │ 7 8 3 2 │ 8 9

# Square 22  (outer=561361452, inner=1876914677019)
TL=(7,8,7,1) TR=(8,7,7,5) BL=(3,3,3,3) BR=(7,7,8,1)
 7 8 │ 6 7 8 6 │ 8 7
 7 1 │ 5 3 2 5 │ 7 5
  ┼────────────────────────┼
 2 2 │ 1 4 3 0 │ 6 5
 5 6 │ 4 0 8 8 │ 7 3
 4 7 │ 3 8 5 4 │ 8 2
 1 3 │ 0 8 4 5 │ 6 5
  ┼────────────────────────┼
 3 3 │ 2 5 4 1 │ 7 7
 3 3 │ 2 6 7 3 │ 8 1

# Square 23  (outer=580183593, inner=1949549806376)
TL=(7,8,7,4) TR=(4,1,1,8) BL=(4,5,5,4) BR=(7,7,8,4)
 7 8 │ 3 1 9 8 │ 4 1
 7 4 │ 1 3 3 2 │ 1 8
  ┼────────────────────────┼
 3 4 │ 1 0 5 4 │ 3 1
 4 5 │ 0 5 8 5 │ 1 3
 6 3 │ 5 8 5 9 │ 9 3
 5 6 │ 4 5 9 2 │ 8 2
  ┼────────────────────────┼
 4 5 │ 3 4 6 5 │ 7 7
 5 4 │ 4 5 3 6 │ 8 4

# Square 24  (outer=624401037, inner=2114585878398)
TL=(7,8,8,1) TR=(3,2,4,1) BL=(3,4,2,1) BR=(4,9,9,1)
 7 8 │ 2 4 9 6 │ 3 2
 8 1 │ 3 3 2 1 │ 4 1
  ┼────────────────────────┼
 2 3 │ 0 2 5 3 │ 1 1
 4 3 │ 2 9 6 7 │ 6 9
 9 2 │ 5 6 1 2 │ 6 1
 6 1 │ 3 7 2 1 │ 6 1
  ┼────────────────────────┼
 3 4 │ 1 6 6 6 │ 4 9
 2 1 │ 1 9 1 1 │ 9 1

# Square 25  (outer=632157535, inner=2142221111082)
TL=(7,8,8,2) TR=(2,3,7,6) BL=(2,7,3,6) BR=(9,5,5,9)
 7 8 │ 1 7 9 4 │ 2 3
 8 2 │ 6 2 3 2 │ 7 6
  ┼────────────────────────┼
 1 6 │ 0 3 5 2 │ 2 2
 7 2 │ 3 6 7 2 │ 5 1
 9 3 │ 5 7 6 6 │ 6 2
 4 2 │ 2 2 6 8 │ 5 4
  ┼────────────────────────┼
 2 7 │ 2 5 6 5 │ 9 5
 3 6 │ 2 1 2 4 │ 5 9

# Square 26  (outer=633795105, inner=2147356531968)
TL=(7,8,8,2) TR=(4,6,6,9) BL=(6,2,2,3) BR=(7,8,8,2)
 7 8 │ 3 5 8 8 │ 4 6
 8 2 │ 5 6 5 8 │ 6 9
  ┼────────────────────────┼
 4 1 │ 1 4 3 5 │ 3 5
 8 8 │ 4 9 2 8 │ 5 6
 3 8 │ 3 2 3 0 │ 8 5
 6 6 │ 5 8 0 8 │ 8 8
  ┼────────────────────────┼
 6 2 │ 4 8 3 6 │ 7 8
 2 3 │ 1 8 8 6 │ 8 2

# Square 27  (outer=635297471, inner=2152067951159)
TL=(7,8,8,2) TR=(6,2,2,3) BL=(4,6,6,9) BR=(7,8,8,2)
 7 8 │ 4 8 3 6 │ 6 2
 8 2 │ 1 8 8 6 │ 2 3
  ┼────────────────────────┼
 3 5 │ 1 4 3 5 │ 4 1
 5 6 │ 4 9 2 8 │ 8 8
 8 5 │ 3 2 3 0 │ 3 8
 8 8 │ 5 8 0 8 │ 6 6
  ┼────────────────────────┼
 4 6 │ 3 5 8 8 │ 7 8
 6 9 │ 5 6 5 8 │ 8 2

# Square 28  (outer=650159667, inner=2201523413733)
TL=(7,8,8,4) TR=(5,3,5,4) BL=(5,5,3,4) BR=(3,9,9,4)
 7 8 │ 4 1 3 4 │ 5 3
 8 4 │ 4 5 3 6 │ 5 4
  ┼────────────────────────┼
 4 4 │ 1 0 1 2 │ 2 3
 1 5 │ 0 1 6 5 │ 1 1
 3 3 │ 1 6 1 7 │ 4 9
 4 6 │ 2 5 7 6 │ 5 6
  ┼────────────────────────┼
 5 5 │ 2 1 4 5 │ 3 9
 3 4 │ 3 1 9 6 │ 9 4

# Square 29  (outer=659470348, inner=2225989815591)
TL=(7,8,8,5) TR=(9,6,9,7) BL=(9,9,6,7) BR=(5,5,5,1)
 7 8 │ 7 4 8 8 │ 9 6
 8 5 │ 8 2 4 5 │ 9 7
  ┼────────────────────────┼
 7 8 │ 4 1 3 4 │ 5 3
 4 2 │ 1 8 4 8 │ 4 4
 8 4 │ 3 4 4 4 │ 4 1
 8 5 │ 4 8 4 5 │ 5 7
  ┼────────────────────────┼
 9 9 │ 5 4 4 5 │ 5 5
 6 7 │ 3 4 1 7 │ 5 1

# Square 30  (outer=660455542, inner=2228702651342)
TL=(7,8,8,6) TR=(2,8,8,6) BL=(9,7,7,4) BR=(7,8,8,6)
 7 8 │ 2 1 8 4 │ 2 8
 8 6 │ 7 3 9 6 │ 8 6
  ┼────────────────────────┼
 7 6 │ 2 0 5 2 │ 2 7
 5 3 │ 0 6 8 9 │ 1 3
 6 6 │ 5 8 7 4 │ 8 9
 6 4 │ 2 9 4 4 │ 4 6
  ┼────────────────────────┼
 9 7 │ 7 5 6 6 │ 7 8
 7 4 │ 6 3 6 4 │ 8 6

# Square 31  (outer=667227635, inner=2250319169583)
TL=(7,8,8,6) TR=(9,7,7,4) BL=(2,8,8,6) BR=(7,8,8,6)
 7 8 │ 7 5 6 6 │ 9 7
 8 6 │ 6 3 6 4 │ 7 4
  ┼────────────────────────┼
 2 7 │ 2 0 5 2 │ 7 6
 1 3 │ 0 6 8 9 │ 5 3
 8 9 │ 5 8 7 4 │ 6 6
 4 6 │ 2 9 4 4 │ 6 4
  ┼────────────────────────┼
 2 8 │ 2 1 8 4 │ 7 8
 8 6 │ 7 3 9 6 │ 8 6

# Square 32  (outer=679024413, inner=2291950112975)
TL=(7,8,8,8) TR=(5,3,5,6) BL=(5,5,3,6) BR=(3,9,9,3)
 7 8 │ 4 1 3 4 │ 5 3
 8 8 │ 4 9 2 8 │ 5 6
  ┼────────────────────────┼
 4 4 │ 1 0 1 2 │ 2 3
 1 9 │ 0 2 4 7 │ 1 3
 3 2 │ 1 4 0 8 │ 4 4
 4 8 │ 2 7 8 4 │ 5 8
  ┼────────────────────────┼
 5 5 │ 2 1 4 5 │ 3 9
 3 6 │ 3 3 4 8 │ 9 3

# Square 33  (outer=684701272, inner=2310560054825)
TL=(7,8,8,9) TR=(2,4,6,7) BL=(2,6,4,7) BR=(9,4,4,6)
 7 8 │ 1 8 7 2 │ 2 4
 8 9 │ 5 9 6 3 │ 6 7
  ┼────────────────────────┼
 1 5 │ 0 3 3 0 │ 2 2
 8 9 │ 3 6 4 9 │ 4 1
 7 6 │ 3 4 9 6 │ 4 6
 2 3 │ 0 9 6 6 │ 4 2
  ┼────────────────────────┼
 2 6 │ 2 4 4 4 │ 9 4
 4 7 │ 2 1 6 2 │ 4 6

# Square 34  (outer=687130282, inner=2319265627803)
TL=(7,8,8,9) TR=(5,3,4,8) BL=(5,4,3,8) BR=(4,9,9,1)
 7 8 │ 4 1 3 4 │ 5 3
 8 9 │ 4 2 7 2 │ 4 8
  ┼────────────────────────┼
 4 4 │ 1 0 1 2 │ 2 3
 1 2 │ 0 7 6 8 │ 6 4
 3 7 │ 1 6 6 5 │ 4 5
 4 2 │ 2 8 5 6 │ 6 8
  ┼────────────────────────┼
 5 4 │ 2 6 4 6 │ 4 9
 3 8 │ 3 4 5 8 │ 9 1

# Square 35  (outer=718419153, inner=2437403167663)
TL=(7,8,9,4) TR=(4,3,3,8) BL=(6,2,2,1) BR=(7,9,8,4)
 7 8 │ 3 3 5 4 │ 4 3
 9 4 │ 3 5 7 2 │ 3 8
  ┼────────────────────────┼
 4 1 │ 1 3 5 3 │ 3 3
 8 7 │ 3 0 4 5 │ 3 5
 9 6 │ 5 4 7 2 │ 5 7
 8 4 │ 3 5 2 8 │ 4 2
  ┼────────────────────────┼
 6 2 │ 4 8 9 8 │ 7 9
 2 1 │ 1 7 6 4 │ 8 4

# Square 36  (outer=731789513, inner=2479028348738)
TL=(7,8,9,6) TR=(5,3,3,7) BL=(5,8,8,4) BR=(7,9,8,6)
 7 8 │ 4 1 3 4 │ 5 3
 9 6 │ 3 5 5 2 │ 3 7
  ┼────────────────────────┼
 4 7 │ 2 0 2 1 │ 4 3
 5 2 │ 0 7 8 0 │ 1 5
 8 2 │ 2 8 7 0 │ 3 5
 2 4 │ 1 0 0 8 │ 4 2
  ┼────────────────────────┼
 5 8 │ 4 5 8 2 │ 7 9
 8 4 │ 7 2 2 4 │ 8 6

# Square 37  (outer=831868767, inner=2825396895962)
TL=(7,9,2,9) TR=(2,5,5,7) BL=(3,3,3,2) BR=(7,2,9,9)
 7 9 │ 1 9 7 5 │ 2 5
 2 9 │ 1 6 5 3 │ 5 7
  ┼────────────────────────┼
 2 3 │ 0 2 5 3 │ 1 1
 3 1 │ 2 9 7 6 │ 9 6
 7 6 │ 5 7 0 0 │ 7 5
 6 8 │ 3 6 0 4 │ 5 3
  ┼────────────────────────┼
 3 3 │ 2 3 7 6 │ 7 2
 3 2 │ 3 1 6 8 │ 9 9

# Square 38  (outer=975344568, inner=3309205573236)
TL=(7,9,5,1) TR=(7,2,2,8) BL=(8,5,5,1) BR=(7,5,9,1)
 7 9 │ 5 6 8 8 │ 7 2
 5 1 │ 1 4 2 8 │ 2 8
  ┼────────────────────────┼
 6 4 │ 3 2 6 4 │ 5 1
 3 6 │ 2 3 0 4 │ 6 4
 7 4 │ 6 0 6 8 │ 8 2
 5 1 │ 4 4 8 8 │ 8 8
  ┼────────────────────────┼
 8 5 │ 6 3 7 5 │ 7 5
 5 1 │ 4 6 4 1 │ 9 1

# Square 39  (outer=986501164, inner=3334754937376)
TL=(7,9,5,2) TR=(9,6,6,2) BL=(1,5,5,1) BR=(7,5,9,2)
 7 9 │ 7 5 8 4 │ 9 6
 5 2 │ 3 2 2 4 │ 6 2
  ┼────────────────────────┼
 1 4 │ 1 0 2 2 │ 7 3
 1 6 │ 0 8 3 2 │ 5 2
 2 9 │ 2 3 7 8 │ 8 2
 5 2 │ 2 2 8 8 │ 4 4
  ┼────────────────────────┼
 1 5 │ 1 1 2 5 │ 7 5
 5 1 │ 4 6 9 2 │ 9 2

# Square 40  (outer=1066621368, inner=3543427614087)
TL=(7,9,6,3) TR=(7,9,9,4) BL=(1,7,7,4) BR=(7,6,9,3)
 7 9 │ 6 2 4 1 │ 7 9
 6 3 │ 5 9 2 2 │ 9 4
  ┼────────────────────────┼
 1 6 │ 1 0 4 0 │ 6 5
 2 8 │ 0 8 1 2 │ 2 9
 9 8 │ 4 1 1 6 │ 4 2
 2 2 │ 0 2 6 4 │ 1 2
  ┼────────────────────────┼
 1 7 │ 1 2 9 2 │ 7 6
 7 4 │ 6 8 8 2 │ 9 3

# Square 41  (outer=1109678994, inner=3680697052857)
TL=(7,9,6,9) TR=(2,4,4,9) BL=(6,1,1,7) BR=(7,6,9,9)
 7 9 │ 1 8 9 6 │ 2 4
 6 9 │ 3 3 8 1 │ 4 9
  ┼────────────────────────┼
 4 1 │ 0 5 3 3 │ 1 3
 6 6 │ 5 4 7 8 │ 8 3
 3 8 │ 3 7 2 4 │ 9 8
 6 3 │ 3 8 4 3 │ 6 1
  ┼────────────────────────┼
 6 1 │ 4 6 3 6 │ 7 6
 1 7 │ 1 6 8 3 │ 9 9

# Square 42  (outer=1120253043, inner=3720029036662)
TL=(7,9,7,1) TR=(3,5,5,1) BL=(5,1,1,5) BR=(7,7,9,1)
 7 9 │ 2 7 6 5 │ 3 5
 7 1 │ 3 6 2 1 │ 5 1
  ┼────────────────────────┼
 3 1 │ 0 7 1 3 │ 2 3
 9 3 │ 7 0 6 8 │ 7 6
 2 6 │ 1 6 1 2 │ 6 2
 7 5 │ 3 8 2 5 │ 5 1
  ┼────────────────────────┼
 5 1 │ 3 9 2 7 │ 7 7
 1 5 │ 1 3 6 5 │ 9 1

# Square 43  (outer=1189123235, inner=3976567427979)
TL=(7,9,7,9) TR=(3,1,1,5) BL=(2,5,5,4) BR=(7,7,9,9)
 7 9 │ 2 4 4 9 │ 3 1
 7 9 │ 1 1 8 5 │ 1 5
  ┼────────────────────────┼
 1 5 │ 0 3 1 5 │ 2 1
 9 3 │ 3 8 1 3 │ 4 1
 2 4 │ 1 1 5 2 │ 4 8
 5 6 │ 5 3 2 0 │ 9 5
  ┼────────────────────────┼
 2 5 │ 1 9 2 5 │ 7 7
 5 4 │ 5 3 4 6 │ 9 9

# Square 44  (outer=1229035548, inner=4118286307811)
TL=(7,9,8,4) TR=(6,2,2,1) BL=(4,3,3,8) BR=(7,8,9,4)
 7 9 │ 4 8 9 8 │ 6 2
 8 4 │ 1 7 6 4 │ 2 1
  ┼────────────────────────┼
 3 3 │ 1 3 5 3 │ 4 1
 3 5 │ 3 0 4 5 │ 8 7
 5 7 │ 5 4 7 2 │ 9 6
 4 2 │ 3 5 2 8 │ 8 4
  ┼────────────────────────┼
 4 3 │ 3 3 5 4 │ 7 8
 3 8 │ 3 5 7 2 │ 9 4

# Square 45  (outer=1243030842, inner=4156218246817)
TL=(7,9,8,6) TR=(5,8,8,4) BL=(5,3,3,7) BR=(7,8,9,6)
 7 9 │ 4 5 8 2 │ 5 8
 8 6 │ 7 2 2 4 │ 8 4
  ┼────────────────────────┼
 4 3 │ 2 0 2 1 │ 4 7
 1 5 │ 0 7 8 0 │ 5 2
 3 5 │ 2 8 7 0 │ 8 2
 4 2 │ 1 0 0 8 │ 2 4
  ┼────────────────────────┼
 5 3 │ 4 1 3 4 │ 7 8
 3 7 │ 3 5 5 2 │ 9 6

# Square 46  (outer=1282754566, inner=4294403454984)
TL=(7,9,9,1) TR=(7,4,2,1) BL=(7,2,4,1) BR=(8,8,8,1)
 7 9 │ 5 8 4 6 │ 7 4
 9 1 │ 1 9 1 1 │ 2 1
  ┼────────────────────────┼
 5 1 │ 3 2 1 3 │ 6 3
 8 9 │ 2 9 3 7 │ 3 3
 4 1 │ 1 3 1 2 │ 3 2
 6 1 │ 3 7 2 1 │ 6 1
  ┼────────────────────────┼
 7 2 │ 6 3 3 6 │ 8 8
 4 1 │ 3 3 2 1 │ 8 1

# Square 47  (outer=1284918120, inner=4303126905486)
TL=(7,9,9,1) TR=(9,1,2,9) BL=(9,2,1,9) BR=(8,6,6,3)
 7 9 │ 7 1 8 9 │ 9 1
 9 1 │ 2 6 3 9 │ 2 9
  ┼────────────────────────┼
 7 2 │ 5 1 1 2 │ 7 1
 1 6 │ 1 4 5 6 │ 9 1
 8 3 │ 1 5 7 7 │ 1 9
 9 9 │ 2 6 7 3 │ 2 7
  ┼────────────────────────┼
 9 2 │ 7 9 1 2 │ 8 6
 1 9 │ 1 1 9 7 │ 6 3

# Square 48  (outer=1294321939, inner=4336989445111)
TL=(7,9,9,2) TR=(9,6,7,1) BL=(9,7,6,1) BR=(4,7,7,7)
 7 9 │ 7 5 8 4 │ 9 6
 9 2 │ 6 5 3 2 │ 7 1
  ┼────────────────────────┼
 7 6 │ 3 3 4 4 │ 4 4
 5 5 │ 3 0 8 0 │ 5 6
 8 3 │ 4 8 9 7 │ 5 9
 4 2 │ 4 0 7 4 │ 9 7
  ┼────────────────────────┼
 9 7 │ 4 5 5 9 │ 4 7
 6 1 │ 4 6 9 7 │ 7 7

# Square 49  (outer=1299398772, inner=4356862595946)
TL=(7,9,9,3) TR=(6,2,2,3) BL=(8,7,7,4) BR=(7,9,9,3)
 7 9 │ 4 8 9 8 │ 6 2
 9 3 │ 2 1 3 9 │ 2 3
  ┼────────────────────────┼
 6 6 │ 2 7 7 2 │ 4 2
 8 8 │ 7 1 2 8 │ 8 1
 7 8 │ 7 2 5 4 │ 9 3
 3 2 │ 2 8 4 8 │ 8 9
  ┼────────────────────────┼
 8 7 │ 6 8 7 3 │ 7 9
 7 4 │ 6 8 8 2 │ 9 3

# Square 50  (outer=1302826661, inner=4370467886153)
TL=(7,9,9,3) TR=(8,7,7,4) BL=(6,2,2,3) BR=(7,9,9,3)
 7 9 │ 6 8 7 3 │ 8 7
 9 3 │ 6 8 8 2 │ 7 4
  ┼────────────────────────┼
 4 2 │ 2 7 7 2 │ 6 6
 8 1 │ 7 1 2 8 │ 8 8
 9 3 │ 7 2 5 4 │ 7 8
 8 9 │ 2 8 4 8 │ 3 2
  ┼────────────────────────┼
 6 2 │ 4 8 9 8 │ 7 9
 2 3 │ 2 1 3 9 │ 9 3

# Square 51  (outer=1310776746, inner=4399636423547)
TL=(7,9,9,4) TR=(7,9,6,3) BL=(7,6,9,3) BR=(1,7,7,4)
 7 9 │ 6 2 4 1 │ 7 9
 9 4 │ 5 9 2 2 │ 6 3
  ┼────────────────────────┼
 6 5 │ 1 0 4 0 │ 1 6
 2 9 │ 0 8 1 2 │ 2 8
 4 2 │ 4 1 1 6 │ 9 8
 1 2 │ 0 2 6 4 │ 2 2
  ┼────────────────────────┼
 7 6 │ 1 2 9 2 │ 1 7
 9 3 │ 6 8 8 2 │ 7 4

# Square 52  (outer=1312864908, inner=4407135014056)
TL=(7,9,9,4) TR=(9,7,1,7) BL=(9,1,7,7) BR=(7,2,2,4)
 7 9 │ 7 6 6 3 │ 9 7
 9 4 │ 1 5 9 8 │ 1 7
  ┼────────────────────────┼
 7 1 │ 4 3 3 1 │ 6 1
 6 5 │ 3 7 7 0 │ 5 8
 6 9 │ 3 7 2 6 │ 5 4
 3 8 │ 1 0 6 4 │ 2 8
  ┼────────────────────────┼
 9 1 │ 6 5 5 2 │ 7 2
 7 7 │ 1 8 4 8 │ 2 4

# Square 53  (outer=1325903753, inner=4446151304776)
TL=(7,9,9,6) TR=(8,7,2,6) BL=(8,2,7,6) BR=(9,6,6,9)
 7 9 │ 6 8 7 3 │ 8 7
 9 6 │ 2 4 9 6 │ 2 6
  ┼────────────────────────┼
 6 2 │ 4 6 5 0 │ 7 5
 8 4 │ 6 8 8 8 │ 8 2
 7 9 │ 5 8 4 6 │ 7 4
 3 6 │ 0 8 6 4 │ 2 4
  ┼────────────────────────┼
 8 2 │ 7 8 7 2 │ 9 6
 7 6 │ 5 2 4 4 │ 6 9

# Square 54  (outer=1339164176, inner=4497579619630)
TL=(7,9,9,8) TR=(4,5,1,4) BL=(4,1,5,4) BR=(4,8,8,3)
 7 9 │ 3 5 5 5 │ 4 5
 9 8 │ 1 3 7 2 │ 1 4
  ┼────────────────────────┼
 3 1 │ 0 4 3 4 │ 1 4
 5 3 │ 4 9 8 2 │ 9 4
 5 7 │ 3 8 7 6 │ 6 8
 5 2 │ 4 2 6 4 │ 8 2
  ┼────────────────────────┼
 4 1 │ 1 9 6 8 │ 4 8
 5 4 │ 4 4 8 2 │ 8 3

# Square 55  (outer=1353222863, inner=4550628679531)
TL=(7,9,9,9) TR=(8,7,3,2) BL=(8,3,7,2) BR=(9,5,5,8)
 7 9 │ 6 8 7 3 │ 8 7
 9 9 │ 3 1 6 8 │ 3 2
  ┼────────────────────────┼
 6 3 │ 4 6 6 2 │ 7 4
 8 1 │ 6 5 6 1 │ 8 1
 7 6 │ 6 6 1 2 │ 8 7
 3 8 │ 2 1 2 8 │ 5 6
  ┼────────────────────────┼
 8 3 │ 7 8 8 5 │ 9 5
 7 2 │ 4 1 7 6 │ 5 8

# Square 56  (outer=1366109127, inner=4568312182246)
TL=(8,1,1,6) TR=(9,6,8,7) BL=(9,8,6,7) BR=(3,7,7,1)
 8 1 │ 7 7 7 6 │ 9 6
 1 6 │ 1 3 9 2 │ 8 7
  ┼────────────────────────┼
 7 1 │ 2 4 1 4 │ 3 4
 7 3 │ 4 8 9 1 │ 6 7
 7 9 │ 1 9 7 5 │ 2 5
 6 2 │ 4 1 5 4 │ 6 7
  ┼────────────────────────┼
 9 8 │ 3 6 2 6 │ 3 7
 6 7 │ 4 7 5 7 │ 7 1

# Square 57  (outer=1366620659, inner=4569174827936)
TL=(8,1,1,7) TR=(2,2,9,4) BL=(2,9,2,4) BR=(7,7,7,7)
 8 1 │ 1 7 8 2 │ 2 2
 1 7 │ 1 5 9 8 │ 9 4
  ┼────────────────────────┼
 1 1 │ 0 2 3 1 │ 2 1
 7 5 │ 2 1 0 0 │ 2 8
 8 9 │ 3 0 2 6 │ 3 4
 2 8 │ 1 0 6 4 │ 3 8
  ┼────────────────────────┼
 2 9 │ 2 2 3 3 │ 7 7
 2 4 │ 1 8 4 8 │ 7 7

# Square 58  (outer=1367126992, inner=4570114582225)
TL=(8,1,1,7) TR=(3,4,6,9) BL=(3,6,4,9) BR=(3,6,6,1)
 8 1 │ 2 7 5 4 │ 3 4
 1 7 │ 1 1 7 3 │ 6 9
  ┼────────────────────────┼
 2 1 │ 0 2 5 2 │ 1 2
 7 1 │ 2 0 5 9 │ 2 9
 5 7 │ 5 5 8 6 │ 9 8
 4 3 │ 2 9 6 7 │ 6 9
  ┼────────────────────────┼
 3 6 │ 1 2 9 6 │ 3 6
 4 9 │ 2 9 8 9 │ 6 1

# Square 59  (outer=1370447054, inner=4576276618518)
TL=(8,1,1,7) TR=(9,2,7,4) BL=(9,7,2,4) BR=(7,5,5,3)
 8 1 │ 7 4 5 2 │ 9 2
 1 7 │ 1 2 5 8 │ 7 4
  ┼────────────────────────┼
 7 1 │ 5 0 4 1 │ 7 1
 4 2 │ 0 9 2 4 │ 2 2
 5 5 │ 4 2 3 5 │ 7 7
 2 8 │ 1 4 5 6 │ 5 2
  ┼────────────────────────┼
 9 7 │ 7 2 7 5 │ 7 5
 2 4 │ 1 2 7 2 │ 5 3

# Square 60  (outer=1370588982, inner=4576540036941)
TL=(8,1,1,7) TR=(9,4,6,9) BL=(9,6,4,9) BR=(7,6,6,1)
 8 1 │ 7 6 1 4 │ 9 4
 1 7 │ 1 1 7 3 │ 6 9
  ┼────────────────────────┼
 7 1 │ 5 1 1 2 │ 7 2
 6 1 │ 1 7 6 9 │ 2 9
 1 7 │ 1 6 6 6 │ 9 8
 4 3 │ 2 9 6 7 │ 6 9
  ┼────────────────────────┼
 9 6 │ 7 2 9 6 │ 7 6
 4 9 │ 2 9 8 9 │ 6 1

# Square 61  (outer=1371188587, inner=4577644224369)
TL=(8,1,1,8) TR=(1,7,6,4) BL=(1,6,7,4) BR=(8,6,6,4)
 8 1 │ 1 3 7 7 │ 1 7
 1 8 │ 1 1 5 2 │ 6 4
  ┼────────────────────────┼
 1 1 │ 0 1 5 4 │ 1 4
 3 1 │ 1 1 4 7 │ 3 7
 7 5 │ 5 4 7 5 │ 7 3
 7 2 │ 4 7 5 2 │ 6 6
  ┼────────────────────────┼
 1 6 │ 1 3 7 6 │ 8 6
 7 4 │ 4 7 3 6 │ 6 4

# Square 62  (outer=1375945224, inner=4586234982674)
TL=(8,1,1,9) TR=(1,7,8,1) BL=(1,8,7,1) BR=(7,7,7,4)
 8 1 │ 1 3 7 7 │ 1 7
 1 9 │ 1 5 3 9 │ 8 1
  ┼────────────────────────┼
 1 1 │ 0 1 6 5 │ 1 5
 3 5 │ 1 1 2 0 │ 3 2
 7 3 │ 6 2 0 5 │ 8 5
 7 9 │ 5 0 5 6 │ 6 4
  ┼────────────────────────┼
 1 8 │ 1 3 8 6 │ 7 7
 7 1 │ 5 2 5 4 │ 7 4

# Square 63  (outer=1378358281, inner=4591485795746)
TL=(8,1,1,9) TR=(5,8,6,3) BL=(5,6,8,3) BR=(6,2,2,4)
 8 1 │ 4 6 9 8 │ 5 8
 1 9 │ 1 1 9 7 │ 6 3
  ┼────────────────────────┼
 4 1 │ 1 2 7 1 │ 3 1
 6 1 │ 2 9 8 9 │ 4 9
 9 9 │ 7 8 2 1 │ 7 9
 8 7 │ 1 9 1 4 │ 2 2
  ┼────────────────────────┼
 5 6 │ 3 4 7 2 │ 6 2
 8 3 │ 1 9 9 2 │ 2 4

# Square 64  (outer=1380721845, inner=4596628911877)
TL=(8,1,1,9) TR=(9,4,8,4) BL=(9,8,4,4) BR=(3,4,4,3)
 8 1 │ 7 6 1 4 │ 9 4
 1 9 │ 1 5 9 6 │ 8 4
  ┼────────────────────────┼
 7 1 │ 2 2 0 1 │ 3 1
 6 5 │ 2 4 7 0 │ 3 8
 1 9 │ 0 7 4 1 │ 3 9
 4 6 │ 1 0 1 2 │ 2 2
  ┼────────────────────────┼
 9 8 │ 3 3 3 2 │ 3 4
 4 4 │ 1 8 9 2 │ 4 3

# Square 65  (outer=1588126984, inner=4817152501503)
TL=(8,1,5,7) TR=(9,8,8,7) BL=(7,7,7,2) BR=(8,5,1,7)
 8 1 │ 7 9 3 8 │ 9 8
 5 7 │ 4 9 5 9 │ 8 7
  ┼────────────────────────┼
 6 1 │ 4 5 1 4 │ 7 4
 5 2 │ 5 1 4 8 │ 9 9
 4 2 │ 1 4 7 0 │ 3 5
 5 4 │ 4 8 0 6 │ 8 9
  ┼────────────────────────┼
 7 7 │ 6 5 4 5 │ 8 5
 7 2 │ 1 2 2 4 │ 1 7

# Square 66  (outer=1604727558, inner=4835131675026)
TL=(8,1,5,9) TR=(9,4,4,2) BL=(3,5,5,9) BR=(8,5,1,9)
 8 1 │ 7 6 1 4 │ 9 4
 5 9 │ 2 4 7 8 │ 4 2
  ┼────────────────────────┼
 2 1 │ 1 5 1 2 │ 7 2
 9 1 │ 5 8 2 4 │ 6 4
 7 2 │ 1 2 2 4 │ 1 7
 5 1 │ 2 4 4 8 │ 4 8
  ┼────────────────────────┼
 3 5 │ 2 9 7 5 │ 8 5
 5 9 │ 1 1 2 1 │ 1 9

# Square 67  (outer=1654289071, inner=4882722544666)
TL=(8,1,6,8) TR=(3,4,4,2) BL=(1,6,6,4) BR=(8,6,1,8)
 8 1 │ 2 7 5 4 │ 3 4
 6 8 │ 2 8 5 6 │ 4 2
  ┼────────────────────────┼
 1 1 │ 0 2 4 2 │ 2 2
 3 1 │ 2 4 1 8 │ 7 8
 7 5 │ 4 1 2 5 │ 5 5
 6 2 │ 2 8 5 2 │ 4 6
  ┼────────────────────────┼
 1 6 │ 1 3 7 6 │ 8 6
 6 4 │ 1 1 5 2 │ 1 8

# Square 68  (outer=1718871568, inner=4960888226494)
TL=(8,1,7,7) TR=(7,4,4,4) BL=(4,8,8,4) BR=(8,7,1,7)
 8 1 │ 5 9 9 4 │ 7 4
 7 7 │ 3 3 8 8 │ 4 4
  ┼────────────────────────┼
 4 1 │ 2 1 7 3 │ 5 3
 1 4 │ 1 3 0 2 │ 9 3
 7 2 │ 7 0 5 6 │ 9 8
 6 8 │ 3 2 6 4 │ 4 8
  ┼────────────────────────┼
 4 8 │ 4 1 7 6 │ 8 7
 8 4 │ 1 4 2 8 │ 1 7

# Square 69  (outer=1901284217, inner=5234619006392)
TL=(8,2,2,1) TR=(4,7,6,5) BL=(4,6,7,5) BR=(3,2,2,3)
 8 2 │ 3 8 5 4 │ 4 7
 2 1 │ 1 3 6 5 │ 6 5
  ┼────────────────────────┼
 3 1 │ 0 3 4 1 │ 1 1
 8 3 │ 3 9 0 1 │ 4 7
 5 6 │ 4 0 3 2 │ 7 2
 4 5 │ 1 1 2 5 │ 2 5
  ┼────────────────────────┼
 4 6 │ 1 4 7 2 │ 3 2
 7 5 │ 1 7 2 5 │ 2 3

# Square 70  (outer=1918838476, inner=5269345238557)
TL=(8,2,2,5) TR=(3,1,4,7) BL=(3,4,1,7) BR=(4,6,6,8)
 8 2 │ 2 5 4 2 │ 3 1
 2 5 │ 1 1 7 5 │ 4 7
  ┼────────────────────────┼
 2 1 │ 0 2 3 1 │ 1 1
 5 1 │ 2 6 0 1 │ 5 1
 4 7 │ 3 0 5 5 │ 6 5
 2 5 │ 1 1 5 0 │ 4 6
  ┼────────────────────────┼
 3 4 │ 1 5 6 4 │ 4 6
 1 7 │ 1 1 5 6 │ 6 8

# Square 71  (outer=1934904197, inner=5304706579819)
TL=(8,2,2,8) TR=(5,3,8,8) BL=(5,8,3,8) BR=(9,3,3,9)
 8 2 │ 4 3 4 6 │ 5 3
 2 8 │ 2 4 6 4 │ 8 8
  ┼────────────────────────┼
 4 2 │ 2 1 4 2 │ 5 1
 3 4 │ 1 1 5 6 │ 3 4
 4 6 │ 4 5 0 8 │ 9 8
 6 4 │ 2 6 8 8 │ 4 2
  ┼────────────────────────┼
 5 8 │ 5 3 9 4 │ 9 3
 3 8 │ 1 4 8 2 │ 3 9

# Square 72  (outer=2005204465, inner=5472216120486)
TL=(8,2,4,1) TR=(8,9,9,7) BL=(4,6,6,3) BR=(8,4,2,1)
 8 2 │ 7 2 9 8 │ 8 9
 4 1 │ 3 9 7 7 │ 9 7
  ┼────────────────────────┼
 3 1 │ 2 2 6 3 │ 7 3
 8 3 │ 2 4 0 7 │ 2 9
 6 2 │ 6 0 1 4 │ 9 7
 4 3 │ 3 7 4 1 │ 8 7
  ┼────────────────────────┼
 4 6 │ 3 8 6 4 │ 8 4
 6 3 │ 1 3 2 3 │ 2 1

# Square 73  (outer=2229811192, inner=5917707325438)
TL=(8,2,7,6) TR=(9,6,6,9) BL=(7,9,9,6) BR=(8,7,2,6)
 8 2 │ 7 8 7 2 │ 9 6
 7 6 │ 5 2 4 4 │ 6 9
  ┼────────────────────────┼
 6 2 │ 4 6 5 0 │ 7 5
 8 4 │ 6 8 8 8 │ 8 2
 7 9 │ 5 8 4 6 │ 7 4
 3 6 │ 0 8 6 4 │ 2 4
  ┼────────────────────────┼
 7 9 │ 6 8 7 3 │ 8 7
 9 6 │ 2 4 9 6 │ 2 6

# Square 74  (outer=2339863628, inner=6179175436296)
TL=(8,2,9,3) TR=(3,4,4,3) BL=(8,7,7,9) BR=(8,9,2,3)
 8 2 │ 2 7 8 8 │ 3 4
 9 3 │ 3 9 9 9 │ 4 3
  ┼────────────────────────┼
 7 1 │ 1 6 3 3 │ 2 3
 7 8 │ 6 1 6 2 │ 7 9
 4 1 │ 3 6 4 9 │ 8 9
 3 7 │ 3 2 9 3 │ 8 9
  ┼────────────────────────┼
 8 7 │ 7 7 4 3 │ 8 9
 7 9 │ 1 8 1 7 │ 2 3

# Square 75  (outer=2345029321, inner=6191738401619)
TL=(8,2,9,3) TR=(8,4,4,9) BL=(8,6,6,2) BR=(8,9,2,3)
 8 2 │ 6 8 8 8 │ 8 4
 9 3 │ 4 5 5 7 │ 4 9
  ┼────────────────────────┼
 7 1 │ 4 5 4 4 │ 6 4
 6 4 │ 5 4 4 0 │ 8 5
 5 2 │ 4 4 2 0 │ 8 5
 4 6 │ 4 0 0 2 │ 8 7
  ┼────────────────────────┼
 8 6 │ 7 6 5 4 │ 8 9
 6 2 │ 1 4 2 6 │ 2 3

# Square 76  (outer=2468359573, inner=6523394455484)
TL=(8,3,3,1) TR=(5,5,4,4) BL=(5,4,5,4) BR=(3,3,3,3)
 8 3 │ 4 5 6 5 │ 5 5
 3 1 │ 1 3 6 4 │ 4 4
  ┼────────────────────────┼
 4 1 │ 0 4 5 1 │ 1 1
 5 3 │ 4 0 8 1 │ 7 7
 6 6 │ 5 8 0 8 │ 8 8
 5 4 │ 1 1 8 8 │ 2 2
  ┼────────────────────────┼
 5 4 │ 1 7 8 2 │ 3 3
 5 4 │ 1 7 8 2 │ 3 3

# Square 77  (outer=2474130719, inner=6539542350167)
TL=(8,3,3,2) TR=(4,4,5,9) BL=(4,5,4,9) BR=(3,3,3,7)
 8 3 │ 3 6 5 2 │ 4 4
 3 2 │ 1 8 8 8 │ 5 9
  ┼────────────────────────┼
 3 1 │ 0 3 4 1 │ 1 1
 6 8 │ 3 2 6 4 │ 4 8
 5 8 │ 4 6 9 8 │ 8 1
 2 8 │ 1 4 8 4 │ 5 3
  ┼────────────────────────┼
 4 5 │ 1 4 8 5 │ 3 3
 4 9 │ 1 8 1 3 │ 3 7

# Square 78  (outer=2475161972, inner=6542291671076)
TL=(8,3,3,2) TR=(5,6,9,8) BL=(5,9,6,8) BR=(9,3,3,7)
 8 3 │ 4 6 4 8 │ 5 6
 3 2 │ 3 1 3 6 │ 9 8
  ┼────────────────────────┼
 4 3 │ 2 2 3 6 │ 5 2
 6 1 │ 2 7 4 5 │ 4 5
 4 3 │ 3 4 8 3 │ 8 1
 8 6 │ 6 5 3 6 │ 7 6
  ┼────────────────────────┼
 5 9 │ 5 4 8 7 │ 9 3
 6 8 │ 2 5 1 6 │ 3 7

# Square 79  (outer=2476465525, inner=6545766943818)
TL=(8,3,3,2) TR=(6,9,5,3) BL=(6,5,9,3) BR=(3,5,5,3)
 8 3 │ 5 7 2 7 │ 6 9
 3 2 │ 1 6 9 6 │ 5 3
  ┼────────────────────────┼
 5 1 │ 1 2 2 4 │ 2 4
 7 6 │ 2 2 0 4 │ 2 9
 2 9 │ 2 0 8 8 │ 7 2
 7 6 │ 4 4 8 4 │ 5 9
  ┼────────────────────────┼
 6 5 │ 2 2 7 5 │ 3 5
 9 3 │ 4 9 2 9 │ 5 3

# Square 80  (outer=2486738710, inner=6574695757945)
TL=(8,3,3,4) TR=(3,6,9,9) BL=(3,9,6,9) BR=(3,3,3,3)
 8 3 │ 2 9 8 8 │ 3 6
 3 4 │ 3 3 6 6 │ 9 9
  ┼────────────────────────┼
 2 3 │ 0 2 7 6 │ 1 2
 9 3 │ 2 0 4 6 │ 2 2
 8 6 │ 7 4 8 2 │ 8 7
 8 6 │ 6 6 2 2 │ 7 7
  ┼────────────────────────┼
 3 9 │ 1 2 8 7 │ 3 3
 6 9 │ 2 2 7 7 │ 3 3

# Square 81  (outer=2505874729, inner=6625831566499)
TL=(8,3,3,7) TR=(4,2,8,6) BL=(4,8,2,6) BR=(3,7,7,4)
 8 3 │ 3 4 8 6 │ 4 2
 3 7 │ 3 1 8 2 │ 8 6
  ┼────────────────────────┼
 3 3 │ 0 3 6 3 │ 1 1
 4 1 │ 3 2 3 9 │ 7 9
 8 8 │ 6 3 3 6 │ 7 2
 6 2 │ 3 9 6 8 │ 6 4
  ┼────────────────────────┼
 4 8 │ 1 7 7 6 │ 3 7
 2 6 │ 1 9 2 4 │ 7 4

# Square 82  (outer=2514658063, inner=6653443739068)
TL=(8,3,3,8) TR=(5,5,4,8) BL=(5,4,5,8) BR=(3,3,3,2)
 8 3 │ 4 5 6 5 │ 5 5
 3 8 │ 1 8 2 4 │ 4 8
  ┼────────────────────────┼
 4 1 │ 0 4 5 1 │ 1 1
 5 8 │ 4 5 2 4 │ 7 8
 6 2 │ 5 2 7 0 │ 8 5
 5 4 │ 1 4 0 4 │ 2 6
  ┼────────────────────────┼
 5 4 │ 1 7 8 2 │ 3 3
 5 8 │ 1 8 5 6 │ 3 2

# Square 83  (outer=2753539172, inner=7224192981291)
TL=(8,3,7,2) TR=(9,5,5,8) BL=(7,9,9,9) BR=(8,7,3,2)
 8 3 │ 7 8 8 5 │ 9 5
 7 2 │ 4 1 7 6 │ 5 8
  ┼────────────────────────┼
 6 3 │ 4 6 6 2 │ 7 4
 8 1 │ 6 5 6 1 │ 8 1
 7 6 │ 6 6 1 2 │ 8 7
 3 8 │ 2 1 2 8 │ 5 6
  ┼────────────────────────┼
 7 9 │ 6 8 7 3 │ 8 7
 9 9 │ 3 1 6 8 │ 3 2

# Square 84  (outer=2989980991, inner=7916502741009)
TL=(8,4,2,1) TR=(4,6,6,3) BL=(8,9,9,7) BR=(8,2,4,1)
 8 4 │ 3 8 6 4 │ 4 6
 2 1 │ 1 3 2 3 │ 6 3
  ┼────────────────────────┼
 7 3 │ 2 2 6 3 │ 3 1
 2 9 │ 2 4 0 7 │ 8 3
 9 7 │ 6 0 1 4 │ 6 2
 8 7 │ 3 7 4 1 │ 4 3
  ┼────────────────────────┼
 8 9 │ 7 2 9 8 │ 8 2
 9 7 │ 3 9 7 7 │ 4 1

# Square 85  (outer=3100489336, inner=8247686371532)
TL=(8,4,4,2) TR=(6,3,4,2) BL=(6,4,3,2) BR=(3,4,4,8)
 8 4 │ 5 2 9 2 │ 6 3
 4 2 │ 1 7 6 4 │ 4 2
  ┼────────────────────────┼
 5 1 │ 1 0 7 1 │ 2 1
 2 7 │ 0 4 0 5 │ 1 5
 9 6 │ 7 0 0 8 │ 7 3
 2 4 │ 1 5 8 4 │ 6 6
  ┼────────────────────────┼
 6 4 │ 2 1 7 6 │ 3 4
 3 2 │ 1 5 3 6 │ 4 8

# Square 86  (outer=3104850797, inner=8259840643185)
TL=(8,4,4,3) TR=(3,2,2,7) BL=(3,2,2,7) BR=(8,6,6,6)
 8 4 │ 2 6 8 8 │ 3 2
 4 3 │ 1 1 6 1 │ 2 7
  ┼────────────────────────┼
 2 1 │ 0 4 4 1 │ 2 1
 6 1 │ 4 6 9 7 │ 7 7
 8 6 │ 4 9 8 8 │ 5 8
 8 1 │ 1 7 8 2 │ 2 2
  ┼────────────────────────┼
 3 2 │ 2 7 5 2 │ 8 6
 2 7 │ 1 7 8 2 │ 6 6

# Square 87  (outer=3112143937, inner=8282382015077)
TL=(8,4,4,4) TR=(3,2,2,9) BL=(3,2,2,9) BR=(8,6,6,8)
 8 4 │ 2 6 8 8 │ 3 2
 4 4 │ 1 2 7 6 │ 2 9
  ┼────────────────────────┼
 2 1 │ 0 4 4 1 │ 2 1
 6 2 │ 4 8 9 8 │ 7 9
 8 7 │ 4 9 5 9 │ 5 7
 8 6 │ 1 8 9 2 │ 2 2
  ┼────────────────────────┼
 3 2 │ 2 7 5 2 │ 8 6
 2 9 │ 1 9 7 2 │ 6 8

# Square 88  (outer=3114125781, inner=8287917306210)
TL=(8,4,4,4) TR=(5,8,4,2) BL=(5,4,8,2) BR=(6,1,1,8)
 8 4 │ 4 8 7 2 │ 5 8
 4 4 │ 1 8 4 8 │ 4 2
  ┼────────────────────────┼
 4 1 │ 1 2 7 1 │ 3 1
 8 8 │ 2 1 1 2 │ 2 4
 7 4 │ 7 1 7 8 │ 9 7
 2 8 │ 1 2 8 8 │ 4 6
  ┼────────────────────────┼
 5 4 │ 3 2 9 4 │ 6 1
 8 2 │ 1 4 7 6 │ 1 8

# Square 89  (outer=3115369254, inner=8291390326744)
TL=(8,4,4,4) TR=(7,1,4,9) BL=(7,4,1,9) BR=(4,9,9,9)
 8 4 │ 5 9 6 4 │ 7 1
 4 4 │ 2 1 5 6 │ 4 9
  ┼────────────────────────┼
 5 2 │ 1 6 1 2 │ 3 1
 9 1 │ 6 1 8 8 │ 6 8
 6 5 │ 1 8 2 0 │ 2 8
 4 6 │ 2 8 0 6 │ 6 1
  ┼────────────────────────┼
 7 4 │ 3 6 2 6 │ 4 9
 1 9 │ 1 8 8 1 │ 9 9

# Square 90  (outer=3120912056, inner=8303896441077)
TL=(8,4,4,5) TR=(7,8,4,7) BL=(7,4,8,7) BR=(4,7,7,1)
 8 4 │ 6 5 5 2 │ 7 8
 4 5 │ 2 1 1 5 │ 4 7
  ┼────────────────────────┼
 6 2 │ 2 2 3 2 │ 3 6
 5 1 │ 2 0 9 1 │ 4 1
 5 1 │ 3 9 2 7 │ 7 7
 2 5 │ 2 1 7 5 │ 8 7
  ┼────────────────────────┼
 7 4 │ 3 4 7 8 │ 4 7
 8 7 │ 6 1 7 7 │ 7 1

# Square 91  (outer=3133280537, inner=8339036699403)
TL=(8,4,4,7) TR=(7,1,4,8) BL=(7,4,1,8) BR=(5,6,6,6)
 8 4 │ 5 9 6 4 │ 7 1
 4 7 │ 2 2 5 6 │ 4 8
  ┼────────────────────────┼
 5 2 │ 2 1 3 2 │ 4 1
 9 2 │ 1 0 1 2 │ 1 1
 6 5 │ 3 1 2 0 │ 4 8
 4 6 │ 2 2 0 8 │ 4 8
  ┼────────────────────────┼
 7 4 │ 4 1 4 4 │ 5 6
 1 8 │ 1 1 8 8 │ 6 6

# Square 92  (outer=3135316789, inner=8345536416559)
TL=(8,4,4,7) TR=(9,3,3,1) BL=(9,3,3,1) BR=(3,5,5,4)
 8 4 │ 7 8 1 2 │ 9 3
 4 7 │ 1 4 5 7 │ 3 1
  ┼────────────────────────┼
 7 1 │ 2 2 0 1 │ 3 1
 8 4 │ 2 1 8 4 │ 2 6
 1 5 │ 0 8 5 5 │ 5 7
 2 7 │ 1 4 5 8 │ 5 4
  ┼────────────────────────┼
 9 3 │ 3 2 5 5 │ 3 5
 3 1 │ 1 6 7 4 │ 5 4

# Square 93  (outer=3136784562, inner=8349998954832)
TL=(8,4,4,8) TR=(2,7,6,1) BL=(2,6,7,1) BR=(7,2,2,6)
 8 4 │ 2 2 6 8 │ 2 7
 4 8 │ 2 9 2 8 │ 6 1
  ┼────────────────────────┼
 2 2 │ 0 2 4 2 │ 1 1
 2 9 │ 2 5 5 2 │ 8 8
 6 2 │ 4 5 8 8 │ 7 4
 8 8 │ 2 2 8 8 │ 2 6
  ┼────────────────────────┼
 2 6 │ 1 8 7 2 │ 7 2
 7 1 │ 1 8 4 6 │ 2 6

# Square 94  (outer=3144317222, inner=8371906930259)
TL=(8,4,4,9) TR=(3,4,7,4) BL=(3,7,4,4) BR=(3,9,9,6)
 8 4 │ 2 8 5 6 │ 3 4
 4 9 │ 3 6 2 6 │ 7 4
  ┼────────────────────────┼
 2 3 │ 0 3 2 2 │ 1 4
 8 6 │ 3 6 1 2 │ 4 2
 5 2 │ 2 1 8 4 │ 4 2
 6 6 │ 2 2 4 4 │ 3 4
  ┼────────────────────────┼
 3 7 │ 1 4 4 3 │ 3 9
 4 4 │ 4 2 2 4 │ 9 6

# Square 95  (outer=3147522922, inner=8382139525999)
TL=(8,4,4,9) TR=(7,1,6,9) BL=(7,6,1,9) BR=(2,8,8,4)
 8 4 │ 5 9 6 4 │ 7 1
 4 9 │ 3 3 8 1 │ 6 9
  ┼────────────────────────┼
 5 3 │ 1 1 1 3 │ 2 1
 9 3 │ 1 3 9 5 │ 1 5
 6 8 │ 1 9 7 2 │ 2 9
 4 1 │ 3 5 2 6 │ 8 6
  ┼────────────────────────┼
 7 6 │ 2 1 2 8 │ 2 8
 1 9 │ 1 5 9 6 │ 8 4

# Square 96  (outer=3148671177, inner=8385804756369)
TL=(8,4,4,9) TR=(8,2,9,3) BL=(8,9,2,3) BR=(8,6,6,2)
 8 4 │ 6 8 8 8 │ 8 2
 4 9 │ 4 5 5 7 │ 9 3
  ┼────────────────────────┼
 6 4 │ 4 5 4 4 │ 7 1
 8 5 │ 5 4 4 0 │ 6 4
 8 5 │ 4 4 2 0 │ 5 2
 8 7 │ 4 0 0 2 │ 4 6
  ┼────────────────────────┼
 8 9 │ 7 6 5 4 │ 8 6
 2 3 │ 1 4 2 6 │ 6 2

# Square 97  (outer=3219568766, inner=8519066242176)
TL=(8,4,6,1) TR=(6,4,4,9) BL=(7,6,6,5) BR=(8,6,4,1)
 8 4 │ 5 3 7 6 │ 6 4
 6 1 │ 2 9 8 9 │ 4 9
  ┼────────────────────────┼
 6 2 │ 3 2 2 4 │ 5 2
 5 6 │ 2 1 8 4 │ 3 9
 3 6 │ 2 8 0 8 │ 7 8
 6 5 │ 4 4 8 5 │ 6 9
  ┼────────────────────────┼
 7 6 │ 6 5 3 6 │ 8 6
 6 5 │ 2 6 6 5 │ 4 1

# Square 98  (outer=3232286382, inner=8555466266699)
TL=(8,4,6,3) TR=(4,1,1,9) BL=(2,2,2,9) BR=(8,6,4,3)
 8 4 │ 3 4 4 4 │ 4 1
 6 3 │ 1 1 9 7 │ 1 9
  ┼────────────────────────┼
 1 1 │ 0 3 4 1 │ 3 1
 8 2 │ 3 3 6 2 │ 4 1
 9 4 │ 4 6 0 6 │ 4 9
 2 7 │ 1 2 6 9 │ 4 7
  ┼────────────────────────┼
 2 2 │ 1 8 9 2 │ 8 6
 2 9 │ 1 2 4 7 │ 4 3

# Square 99  (outer=3240106838, inner=8579438882980)
TL=(8,4,6,4) TR=(4,1,1,9) BL=(2,2,2,7) BR=(8,6,4,4)
 8 4 │ 3 4 4 4 │ 4 1
 6 4 │ 1 2 1 6 │ 1 9
  ┼────────────────────────┼
 1 1 │ 0 3 4 1 │ 3 1
 8 1 │ 3 4 0 2 │ 4 2
 9 8 │ 4 0 1 8 │ 4 1
 2 8 │ 1 2 8 8 │ 4 6
  ┼────────────────────────┼
 2 2 │ 1 8 9 2 │ 8 6
 2 7 │ 1 1 8 8 │ 4 4

# Square 100  (outer=3303224622, inner=8770393322165)
TL=(8,4,7,3) TR=(7,3,3,5) BL=(9,4,4,4) BR=(8,7,4,3)
 8 4 │ 6 1 3 2 │ 7 3
 7 3 │ 2 5 5 5 │ 3 5
  ┼────────────────────────┼
 8 1 │ 5 0 2 2 │ 6 2
 1 8 │ 0 2 7 0 │ 1 5
 7 9 │ 2 7 6 5 │ 3 5
 8 2 │ 2 0 5 0 │ 2 5
  ┼────────────────────────┼
 9 4 │ 8 1 7 8 │ 8 7
 4 4 │ 1 8 9 2 │ 4 3

# Square 101  (outer=3376477288, inner=9003005076525)
TL=(8,4,8,4) TR=(2,1,1,4) BL=(2,7,7,2) BR=(8,8,4,4)
 8 4 │ 1 7 6 4 │ 2 1
 8 4 │ 1 1 7 6 │ 1 4
  ┼────────────────────────┼
 2 3 │ 0 2 5 3 │ 1 1
 3 1 │ 2 2 0 1 │ 7 1
 7 6 │ 5 0 9 2 │ 6 7
 6 8 │ 3 1 2 8 │ 4 6
  ┼────────────────────────┼
 2 7 │ 2 3 7 6 │ 8 8
 7 2 │ 3 1 6 8 │ 4 4

# Square 102  (outer=3377898739, inner=9007044840610)
TL=(8,4,8,4) TR=(4,1,1,4) BL=(3,7,7,2) BR=(8,8,4,4)
 8 4 │ 3 4 4 4 │ 4 1
 8 4 │ 1 1 7 6 │ 1 4
  ┼────────────────────────┼
 3 3 │ 1 0 2 3 │ 3 1
 2 1 │ 0 8 6 1 │ 4 1
 5 6 │ 2 6 3 2 │ 4 7
 6 8 │ 3 1 2 8 │ 4 6
  ┼────────────────────────┼
 3 7 │ 3 2 5 6 │ 8 8
 7 2 │ 3 1 6 8 │ 4 4

# Square 103  (outer=3378853060, inner=9009757021119)
TL=(8,4,8,4) TR=(5,1,1,9) BL=(4,4,4,3) BR=(8,8,4,4)
 8 4 │ 4 2 8 4 │ 5 1
 8 4 │ 1 5 9 6 │ 1 9
  ┼────────────────────────┼
 3 1 │ 1 2 7 1 │ 4 1
 8 8 │ 2 2 0 0 │ 2 5
 7 9 │ 7 0 3 1 │ 8 9
 2 2 │ 1 0 1 2 │ 4 6
  ┼────────────────────────┼
 4 4 │ 3 8 7 2 │ 8 8
 4 3 │ 1 8 9 2 │ 4 4

# Square 104  (outer=3450544480, inner=9229397531466)
TL=(8,4,9,4) TR=(6,4,4,8) BL=(5,3,3,6) BR=(8,9,4,4)
 8 4 │ 5 3 7 6 │ 6 4
 9 4 │ 4 5 1 2 │ 4 8
  ┼────────────────────────┼
 4 1 │ 2 2 1 4 │ 5 4
 7 5 │ 2 6 2 5 │ 3 5
 1 8 │ 1 2 7 8 │ 7 1
 7 4 │ 4 5 8 8 │ 6 2
  ┼────────────────────────┼
 5 3 │ 4 7 1 7 │ 8 9
 3 6 │ 1 5 8 4 │ 4 4

# Square 105  (outer=3499068435, inner=9385382624941)
TL=(8,5,1,7) TR=(7,7,7,2) BL=(9,8,8,7) BR=(8,1,5,7)
 8 5 │ 6 5 4 5 │ 7 7
 1 7 │ 1 2 2 4 │ 7 2
  ┼────────────────────────┼
 7 4 │ 4 5 1 4 │ 6 1
 9 9 │ 5 1 4 8 │ 5 2
 3 5 │ 1 4 7 0 │ 4 2
 8 9 │ 4 8 0 6 │ 5 4
  ┼────────────────────────┼
 9 8 │ 7 9 3 8 │ 8 1
 8 7 │ 4 9 5 9 │ 5 7

# Square 106  (outer=3502856988, inner=9398821057947)
TL=(8,5,1,9) TR=(3,5,5,9) BL=(9,4,4,2) BR=(8,1,5,9)
 8 5 │ 2 9 7 5 │ 3 5
 1 9 │ 1 1 2 1 │ 5 9
  ┼────────────────────────┼
 7 2 │ 1 5 1 2 │ 2 1
 6 4 │ 5 8 2 4 │ 9 1
 1 7 │ 1 2 2 4 │ 7 2
 4 8 │ 2 4 4 8 │ 5 1
  ┼────────────────────────┼
 9 4 │ 7 6 1 4 │ 8 1
 4 2 │ 2 4 7 8 │ 5 9

# DONE: found=106  outer=3588657618  inner=9672554219073  time=165870s
